0 0.0979421875 0.4670453125 0.13891718749999998 0.4525578125 0.1798953125 0.41583437500000003 0.26359374999999996 0.4163421875 0.24548125 0.3984765625 0.192265625 0.38448125 0.172903125 0.386853125 0.1461671875 0.40633749999999996 0.12455625 0.3962171875 0.133425 0.40596249999999995 0.12168125 0.42719687500000003 0.052095312500000004 0.4692890625 0.0979421875 0.4670453125
0 0.3500578125 0.223346875 0.35192812500000004 0.2596984375 0.342803125 0.3140390625 0.3504203125 0.3440203125 0.3846546875 0.2809390625 0.392153125 0.248459375 0.38765937500000003 0.223475 0.39777968750000003 0.20186406250000002 0.40952343750000003 0.191746875 0.4252640625 0.1902484375 0.4648609375 0.2113640625 0.469234375 0.20724218749999998 0.4637390625 0.194 0.433759375 0.16826406249999998 0.3932859375 0.1657609375 0.363803125 0.17862499999999998 0.3500578125 0.223346875
0 0.23271875 0.6093437500000001 0.22422343749999998 0.6202109375 0.2333421875 0.6214609375 0.289309375 0.608725 0.30729843749999997 0.5974828125 0.31504374999999996 0.60098125 0.3276625 0.58336875 0.36189218749999996 0.5758765625 0.38825 0.5802515625 0.41810468749999996 0.5991171875 0.3891265625 0.5616390625000001 0.337909375 0.54639375 0.316171875 0.5516375 0.2818171875 0.5744953125000001 0.199240625 0.6024703125 0.23271875 0.6093437500000001
0 0.52895 0.178265625 0.48784687499999996 0.21923750000000003 0.486346875 0.2257328125 0.4930921875 0.22985625 0.5265734375 0.203375 0.551184375 0.2005046875 0.5670484375 0.205878125 0.5941546875 0.229240625 0.62375625 0.27883749999999996 0.6444921875 0.2853359375 0.6668499999999999 0.31444375 0.6718484375 0.311321875 0.6676031250000001 0.288959375 0.7014546875 0.305328125 0.612021875 0.1888921875 0.5902875 0.1719015625 0.55993125 0.170025 0.52895 0.178265625
0 0.611903125 0.12643125 0.6737359374999999 0.1586671875 0.694846875 0.163540625 0.7331984375 0.160421875 0.7445640625000001 0.1852828125 0.73919375 0.1677921875 0.7505625 0.1592984375 0.7784203125 0.157178125 0.8151453125 0.1759203125 0.8227671875 0.17254687500000002 0.7939125 0.1419390625 0.7731765625 0.135440625 0.7435703124999999 0.130315625 0.699971875 0.133934375 0.632640625 0.12181093750000001 0.611903125 0.12643125
0 0.5025734374999999 0.3628984375 0.46009687499999996 0.40611718750000003 0.44260312500000004 0.44484218750000004 0.43173125 0.4919359375 0.43572812499999997 0.50055625 0.44397343749999996 0.49818281249999996 0.46971093750000004 0.44596875 0.5380515625 0.3685234375 0.543175 0.3500359375 0.5375546875 0.32992187500000003 0.5408046875 0.3084359375 0.5325609375 0.299690625 0.520696875 0.25846562500000003 0.5102 0.29281718749999996 0.5025734374999999 0.3628984375
0 0.43585 0.5296624999999999 0.4776953125 0.5632703125 0.49880625 0.5681453125 0.537034375 0.5581546875 0.60761875 0.5154375 0.6212375 0.49720000000000003 0.5900078125 0.4917015625 0.5254203125 0.5195531250000001 0.517675 0.5160546874999999 0.48631875 0.5259203125 0.43085625 0.49943125000000005 0.41386874999999995 0.47669375 0.40687187500000005 0.481065625 0.43585 0.5296624999999999
0 0.5563671875 0.8782062500000001 0.527015625 0.820115625 0.5117828125 0.7379156250000001 0.5160328125 0.7046859375000001 0.5100374999999999 0.697315625 0.49229375 0.7556515625 0.4901640625 0.8167390625 0.5347500000000001 0.9347937500000001 0.540496875 0.9284234375 0.5599828125 0.955159375 0.5563671875 0.8782062500000001
0 0.5055421875 0.6834484375 0.5356453125 0.7049375 0.57899375 0.7098140625 0.5731203125000001 0.7204312500000001 0.6344609375 0.6918296875000001 0.6936718749999999 0.7020796875 0.6783078125 0.690834375 0.6848046875 0.6812171874999999 0.72053125 0.689465625 0.7597546875 0.7122046875 0.7270296875 0.668728125 0.6659453125 0.6443625 0.6357140625000001 0.6493562500000001 0.6093531249999999 0.66721875 0.5209078125 0.67245625 0.5055421875 0.6834484375
0 0.7500453125 0.343059375 0.7566640625 0.373665625 0.780646875 0.40315 0.7837671875 0.41926406250000003 0.77964375 0.437128125 0.767525 0.4488703125 0.7354203125 0.439746875 0.728425 0.44411875 0.7495359374999999 0.4601109375 0.77551875 0.466109375 0.8056265625 0.4431265625 0.8179953125000001 0.42289062499999996 0.8194968749999999 0.4052765625 0.80888125 0.37716875 0.74080625 0.290465625 0.73668125 0.319446875 0.7500453125 0.343059375
0 0.8617250000000001 0.348315625 0.87746875 0.3245828125 0.892834375 0.313590625 0.9062015625000001 0.314965625 0.93568125 0.33545625 0.949421875 0.3352078125 0.911075 0.2938546875 0.876221875 0.2892296875 0.8463640625 0.3037171875 0.8249984375 0.3518109375 0.81886875 0.43763125 0.8238640625 0.4567453125 0.8433546875 0.4278890625 0.8617250000000001 0.348315625
0 0.6164859375 0.5363 0.6409703125 0.5376765625 0.64271875 0.5449234374999999 0.71305 0.5440546875 0.746903125 0.5604234375 0.7732609375 0.5647984375 0.8142359375 0.5503109375 0.8584625000000001 0.5143375 0.8599625 0.5078421875 0.84821875 0.5068406249999999 0.7928765624999999 0.5316953125 0.7583984375 0.5254453125 0.72904375 0.5118265625 0.6885687500000001 0.509325 0.6164859375 0.5363
0 0.85421875 0.46973906249999997 0.8725796875 0.5013468750000001 0.8682046874999999 0.5277046875 0.84184375 0.556684375 0.82135625 0.552809375 0.8358453125 0.57155 0.8111109375 0.5786671875 0.7874984375 0.6031500000000001 0.77463125 0.607021875 0.7864984374999999 0.6148921875 0.7663796875 0.676103125 0.8889374999999999 0.56755625 0.8954375000000001 0.5357031250000001 0.8923171875 0.4973515625 0.8680859375000001 0.46524374999999996 0.85584375 0.45899687499999997 0.85421875 0.46973906249999997
0 0.527671875 0.4764546875 0.4996890625 0.4828234375 0.4778296875 0.4589609375 0.46533749999999996 0.4723265625 0.47183125 0.48494374999999995 0.50818125 0.5053093750000001 0.5599015625 0.49244843749999995 0.623121875 0.3779 0.6264968750000001 0.363284375 0.5950140625 0.3773984375 0.5676546874999999 0.40700156249999997 0.56040625 0.4309859375 0.5437921875 0.4288609375 0.5497859375 0.44734999999999997 0.527671875 0.4764546875
0 0.6860765625 0.43861875 0.6889515625 0.42987343750000007 0.6838296875000001 0.42612656250000003 0.6544703125 0.456978125 0.6352328125 0.45510312500000005 0.63935625 0.43723906250000005 0.6597203125 0.42312500000000003 0.6507265624999999 0.41762812499999996 0.658346875 0.41425625000000005 0.6707171875 0.38290156249999996 0.68833125 0.373284375 0.686209375 0.3676625 0.6945796875 0.3610421875 0.6827124999999999 0.353171875 0.6903359375 0.3164453125 0.60450625 0.410378125 0.5900125 0.43611093749999996 0.5895109374999999 0.45309999999999995 0.6051234375 0.47808593750000006 0.627484375 0.484959375 0.6729578125 0.46210312499999995 0.6860765625 0.43861875
0 0.663459375 0.5069484375 0.6978156249999999 0.484090625 0.7215515625 0.477596875 0.75090625 0.49121718750000004 0.76564375 0.5236984375 0.7737640625 0.525571875 0.7602781249999999 0.47285468750000004 0.7392921875 0.4526140625 0.7205546875 0.4448671875 0.693196875 0.45223593749999996 0.6303578125 0.48733281249999993 0.6099921875 0.5125656249999999 0.6252328125 0.5169390625 0.663459375 0.5069484375