0 0.5974296875 0.198790625 0.5525781249999999 0.22711406250000002 0.49886093750000005 0.29788749999999997 0.4986625 0.3021328125 0.5212890625 0.2871609375 0.5170671875 0.321321875 0.522728125 0.32616875 0.59584375 0.24648906249999997 0.6657453125 0.2003640625 0.6891578125 0.1478 0.6982046875 0.07361875 0.6854765625 0.0798921875 0.6713546874999999 0.1227484375 0.636215625 0.16723593750000001 0.6117671875 0.1791765625 0.6040765625 0.1617984375 0.59843125 0.1844390625 0.58366875 0.17131093749999998 0.5974296875 0.198790625
0 0.3122328125 0.17491874999999998 0.349034375 0.199553125 0.372909375 0.24157812500000003 0.399603125 0.2654109375 0.42224375 0.2710546875 0.4452953125 0.2888265625 0.486734375 0.2983 0.47560156249999996 0.27061718749999997 0.419378125 0.21365625000000002 0.37325624999999996 0.1506265625 0.35141875 0.134875 0.3198859375 0.1304484375 0.263709375 0.1490796875 0.2275609375 0.1941734375 0.22312500000000002 0.2119625 0.22777656249999997 0.21741562499999997 0.24050625 0.2111421875 0.2705984375 0.1765625 0.3122328125 0.17491874999999998
0 0.1916921875 0.3655875 0.18155625 0.31668281249999997 0.19810468750000002 0.2778671875 0.2193234375 0.2719921875 0.24821093749999998 0.249134375 0.2399171875 0.23762031249999999 0.1702046875 0.2657578125 0.1362796875 0.312265625 0.1278125 0.346225 0.13631875 0.3741109375 0.171921875 0.4242125 0.2287828125 0.5302859375 0.24233125000000003 0.54139375 0.242709375 0.4985453125 0.26070625000000003 0.5124796875000001 0.2716234375 0.5169203125 0.2738421875 0.5114609375 0.24835 0.469034375 0.24510625 0.454484375 0.2507609375 0.44558749999999997 0.245496875 0.4322515625 0.1916921875 0.3655875
0 0.3147390625 0.302653125 0.3040265625 0.30084062500000003 0.308678125 0.30629531249999997 0.2652140625 0.2911640625 0.30182031249999997 0.3269140625 0.31275 0.3519703125 0.339434375 0.3620578125 0.362084375 0.381446875 0.38896875 0.387290625 0.4376734375 0.3813984375 0.56376875 0.34413125 0.586409375 0.349775 0.60783125 0.34652812499999996 0.61691875 0.33419374999999996 0.5471812500000001 0.3211 0.521315625 0.3283921875 0.4804828125 0.3199296875 0.40652343750000003 0.340996875 0.366496875 0.3292984375 0.3147390625 0.302653125
0 0.5995859375 0.410603125 0.6024078125 0.3992828125 0.5906625 0.36371875 0.57670625 0.34735625 0.5653859375 0.344534375 0.554275 0.3512109375 0.5741046875 0.388790625 0.5704765625 0.40334531250000005 0.556134375 0.4160875 0.5185500000000001 0.42904687499999994 0.49227187499999997 0.4242125 0.47932968750000005 0.414115625 0.4785328125 0.43109374999999994 0.4518515625 0.4278765625 0.4183109375 0.44527968749999997 0.39123125000000003 0.4505515625 0.3793171875 0.46733437499999997 0.34981874999999996 0.482309375 0.3575015625 0.48594218749999996 0.3997421875 0.48530937500000004 0.476940625 0.4719203125 0.5262578125 0.4739109375 0.553740625 0.46702187500000003 0.57414375 0.4506375 0.5995859375 0.410603125
0 0.3205671875 0.5686296875 0.364615625 0.5504125 0.3917 0.5520109375 0.41958593750000006 0.5435046875 0.4195953125 0.5572484375 0.443028125 0.53904375 0.473346875 0.54145 0.46386562500000006 0.5691453125 0.4297140625 0.5786671875 0.4097140625 0.5934328125 0.423865625 0.5986796875 0.462465625 0.5919859375 0.5111484374999999 0.551734375 0.5151671875 0.5149468749999999 0.5044421875 0.49251875 0.4898828125 0.48201875000000005 0.46926249999999997 0.47515937499999994 0.4320765625 0.4796296875 0.262140625 0.5446156249999999 0.3213640625 0.5516515625 0.3205671875 0.5686296875
0 0.6359250000000001 0.34752031250000004 0.627471875 0.40209687499999996 0.6024203124999999 0.4198984375 0.6084906250000001 0.43 0.581015625 0.4506328125 0.5438562499999999 0.496334375 0.541440625 0.512909375 0.5240781250000001 0.541215625 0.5362078125 0.547675 0.558840625 0.5395765625 0.627921875 0.4760703125 0.649340625 0.46595000000000003 0.6796328125 0.42712500000000003 0.6848609375 0.3854875 0.6650171874999999 0.327290625 0.613840625 0.26042343749999997 0.6059578125 0.2610359375 0.6067781250000001 0.2784171875 0.628225 0.3164 0.6359250000000001 0.34752031250000004
0 0.49753125000000004 0.7510265625 0.49368125 0.735465625 0.46355 0.7081999999999999 0.4550421875 0.6803140625 0.46028437499999997 0.659290625 0.48047968750000003 0.63340625 0.5245203125 0.6014453125 0.5305718749999999 0.584059375 0.5540015625 0.5589828125 0.5578296875000001 0.540184375 0.5220609375 0.5493015625 0.440853125 0.6132203125 0.42025468750000006 0.640721875 0.4190625 0.673059375 0.4427390625 0.719328125 0.49753125000000004 0.7510265625
0 0.5488765625 0.7655453125 0.5541109375 0.730778125 0.5472125 0.6895515624999999 0.5784546875000001 0.5539140625 0.552396875 0.5791953125 0.5112046875 0.6410671875 0.5035453125 0.67179375 0.50439375 0.737278125 0.496334375 0.77649375 0.4749296875 0.807228125 0.43856875000000006 0.8359500000000001 0.4313015625 0.851315625 0.4369640625 0.8561624999999999 0.5068703125 0.816909375 0.5488765625 0.7655453125
0 0.6978640625 0.491790625 0.69906875 0.4800671875 0.6869328125 0.46673593750000003 0.68590625 0.4398546875 0.6485421875 0.48292812500000004 0.5770625 0.5904984375 0.56940625 0.6280953125 0.577509375 0.6575984375 0.609271875 0.705884375 0.66265 0.7398046875000001 0.687515625 0.7468640625 0.6776 0.7280734375 0.6428203124999999 0.702225 0.62480625 0.6608031249999999 0.636315625 0.6456375000000001 0.653103125 0.6644234375 0.6385140625 0.6058203125 0.6288078125000001 0.5965281250000001 0.6704203125 0.5605265625 0.681709375 0.5152453125 0.6978640625 0.491790625
0 0.85095625 0.639034375 0.7858015625 0.5214453125 0.7518234374999999 0.485490625 0.7036734375 0.40993124999999997 0.6921484375 0.40448125 0.697425 0.4384328125 0.7294140625 0.5237046875 0.7589515625 0.570575 0.790328125 0.647965625 0.8879953125 0.7212703125 0.866134375 0.6711609375 0.8758374999999999 0.6735796875 0.8713859375 0.66388125 0.85095625 0.639034375
0 0.673115625 0.349921875 0.6868859375 0.3911453125 0.6982109375000001 0.40083906249999995 0.701409375 0.3466703125 0.71351875 0.31877187500000004 0.7444265624999999 0.2947 0.7808015625 0.28659375 0.8205984374999999 0.25443125 0.8537343749999999 0.238646875 0.857975 0.2319734375 0.8391765625 0.2281453125 0.8684578125 0.189928125 0.7642015625 0.24294687499999998 0.7140875 0.2579359375 0.682775 0.2836234375 0.673090625 0.3086921875 0.673115625 0.349921875
0 0.32873125000000003 0.6943390625 0.3133484375 0.6595859374999999 0.3093078125 0.6620125 0.243784375 0.6010171875 0.22640312499999998 0.6018359375 0.205171875 0.5870953125 0.21408125 0.6133640625 0.2636421875 0.679828125 0.283471875 0.7174078125000001 0.306125 0.74366875 0.337865625 0.7575953125 0.380103125 0.7500890625000001 0.419903125 0.7248 0.42351875000000005 0.6896296875 0.41359531250000003 0.6570968749999999 0.40651875000000004 0.6544734375 0.4020796875 0.665390625 0.402509375 0.7050046875 0.3780609375 0.71694375 0.3534 0.7125140625 0.32873125000000003 0.6943390625
0 0.171515625 0.7393078125 0.141015625 0.7686328125 0.128515625 0.8187656249999999 0.147140625 0.86806875 0.1641328125 0.8894828125 0.1709953125 0.8757343750000001 0.156415625 0.830875 0.16569375 0.8005515624999999 0.18488593749999999 0.78901875 0.2248984375 0.7801 0.2895859375 0.7962281250000001 0.31343125 0.79015 0.33687812500000003 0.7925609375 0.37870781249999996 0.7798015625 0.3647515625 0.7634390625 0.23861249999999998 0.7319890625000001 0.20263593750000003 0.7316078125 0.171515625 0.7393078125
0 0.0956078125 0.558059375 0.0504015625 0.6635921875 0.034671875000000005 0.7197890625000001 0.0383140625 0.72585 0.10940000000000001 0.6336421875 0.1283765625 0.598865625 0.1368359375 0.5511625 0.12103124999999999 0.4905390625 0.09736875 0.464884375 0.084821875 0.4394265625 0.0797875 0.4699484375 0.0956078125 0.558059375
0 0.5264968750000001 0.8518625 0.510715625 0.8255968749999999 0.5085046875 0.8448 0.4976015625 0.860975 0.452134375 0.8745453124999999 0.413321875 0.86486875 0.3874296875 0.8309296875 0.372671875 0.8246734375000001 0.375515625 0.8477124999999999 0.4036359375 0.8899374999999999 0.47297968749999997 0.918390625 0.5087515625 0.9161453125 0.5830984375 0.8659734374999999 0.7021078125 0.8123390625000001 0.66471875 0.8141812500000001 0.6408640625 0.8065171875000001 0.60974375 0.8142156249999999 0.5927609375 0.8065468750000001 0.5818484374999999 0.8089796874999999 0.5541671874999999 0.8201124999999999 0.5264968750000001 0.8518625