0 0.6037828125 0.12455625 0.5940375 0.133425 0.572803125 0.12168125 0.5307109375 0.052095312500000004 0.5329546875 0.0979421875 0.5474421875 0.13891718749999998 0.584165625 0.1798953125 0.5836578125 0.26359374999999996 0.6015234375 0.24548125 0.61551875 0.192265625 0.613146875 0.172903125 0.5936625 0.1461671875 0.6037828125 0.12455625
0 0.806 0.4637390625 0.8317359375000001 0.433759375 0.8342390625 0.3932859375 0.821375 0.363803125 0.7766531249999999 0.3500578125 0.7403015625 0.35192812500000004 0.6859609375 0.342803125 0.6559796875 0.3504203125 0.7190609375 0.3846546875 0.751540625 0.392153125 0.776525 0.38765937500000003 0.7981359375 0.39777968750000003 0.808253125 0.40952343750000003 0.8097515625 0.4252640625 0.7886359374999999 0.4648609375 0.7927578125 0.469234375 0.806 0.4637390625
0 0.45360625 0.337909375 0.4483625 0.316171875 0.4255046875 0.2818171875 0.3975296875 0.199240625 0.39065625000000004 0.23271875 0.3797890625 0.22422343749999998 0.37853906249999997 0.2333421875 0.391275 0.289309375 0.4025171875 0.30729843749999997 0.39901875000000003 0.31504374999999996 0.41663125 0.3276625 0.42412343750000003 0.36189218749999996 0.4197484375 0.38825 0.4008828125 0.41810468749999996 0.4383609375 0.3891265625 0.45360625 0.337909375
0 0.6946718749999999 0.7014546875 0.8111078125000001 0.612021875 0.8280984374999999 0.5902875 0.8299749999999999 0.55993125 0.8217343749999999 0.52895 0.7807625 0.48784687499999996 0.7742671875 0.486346875 0.77014375 0.4930921875 0.7966249999999999 0.5265734375 0.7994953125 0.551184375 0.794121875 0.5670484375 0.770759375 0.5941546875 0.7211624999999999 0.62375625 0.7146640625 0.6444921875 0.68555625 0.6668499999999999 0.688678125 0.6718484375 0.711040625 0.6676031250000001 0.6946718749999999 0.7014546875
0 0.864559375 0.7731765625 0.869684375 0.7435703124999999 0.8660656250000001 0.699971875 0.8781890625000001 0.632640625 0.8735687499999999 0.611903125 0.8413328124999999 0.6737359374999999 0.8364593749999999 0.694846875 0.8395781250000001 0.7331984375 0.8147171875 0.7445640625000001 0.8322078125000001 0.73919375 0.8407015624999999 0.7505625 0.8428218749999999 0.7784203125 0.8240796874999999 0.8151453125 0.8274531250000001 0.8227671875 0.8580609375 0.7939125 0.864559375 0.7731765625
0 0.6915640625 0.5408046875 0.700309375 0.5325609375 0.741534375 0.520696875 0.7071828124999999 0.5102 0.6371015625 0.5025734374999999 0.5938828125 0.46009687499999996 0.5551578125 0.44260312500000004 0.5080640625 0.43173125 0.49944375 0.43572812499999997 0.5018171875 0.44397343749999996 0.55403125 0.46971093750000004 0.6314765625 0.5380515625 0.6499640624999999 0.543175 0.6700781250000001 0.5375546875 0.6915640625 0.5408046875
0 0.4740796875 0.48631875 0.50056875 0.43085625 0.52330625 0.41386874999999995 0.518934375 0.40687187500000005 0.4703375 0.43585 0.4367296875 0.4776953125 0.4318546875 0.49880625 0.44184531250000003 0.537034375 0.4845625 0.60761875 0.5027999999999999 0.6212375 0.5082984374999999 0.5900078125 0.480446875 0.5254203125 0.48394531250000006 0.517675 0.4740796875 0.48631875
0 0.1832609375 0.4901640625 0.06520625 0.5347500000000001 0.0715765625 0.540496875 0.044840625 0.5599828125 0.12179374999999999 0.5563671875 0.179884375 0.527015625 0.26208437500000004 0.5117828125 0.29531406250000003 0.5160328125 0.302684375 0.5100374999999999 0.24434843750000002 0.49229375 0.1832609375 0.4901640625
0 0.3556375 0.6659453125 0.35064375000000003 0.6357140625000001 0.33278125 0.6093531249999999 0.32754374999999997 0.5209078125 0.3165515625 0.5055421875 0.2950625 0.5356453125 0.2901859375 0.57899375 0.27956875000000003 0.5731203125000001 0.30817031250000004 0.6344609375 0.2979203125 0.6936718749999999 0.309165625 0.6783078125 0.31878281249999996 0.6848046875 0.310534375 0.72053125 0.2877953125 0.7597546875 0.331271875 0.7270296875 0.3556375 0.6659453125
0 0.5947234375 0.8194968749999999 0.6228312500000001 0.80888125 0.7095343749999999 0.74080625 0.680553125 0.73668125 0.6569406250000001 0.7500453125 0.626334375 0.7566640625 0.59685 0.780646875 0.5807359375 0.7837671875 0.562871875 0.77964375 0.5511296875 0.767525 0.560253125 0.7354203125 0.55588125 0.728425 0.5398890625 0.7495359374999999 0.533890625 0.77551875 0.5568734375 0.8056265625 0.577109375 0.8179953125000001 0.5947234375 0.8194968749999999
0 0.6481890625 0.8249984375 0.56236875 0.81886875 0.5432546874999999 0.8238640625 0.5721109375 0.8433546875 0.651684375 0.8617250000000001 0.6754171875 0.87746875 0.686409375 0.892834375 0.6850343750000001 0.9062015625000001 0.66454375 0.93568125 0.6647921875 0.949421875 0.7061453125 0.911075 0.7107703125 0.876221875 0.6962828125 0.8463640625 0.6481890625 0.8249984375
0 0.4683046875 0.7928765624999999 0.47455468749999996 0.7583984375 0.4881734375 0.72904375 0.490675 0.6885687500000001 0.46369999999999995 0.6164859375 0.4623234375 0.6409703125 0.45507656250000006 0.64271875 0.45594531250000003 0.71305 0.4395765625 0.746903125 0.43520156249999997 0.7732609375 0.44968906249999996 0.8142359375 0.4856625 0.8584625000000001 0.4921578125 0.8599625 0.493159375 0.84821875 0.4683046875 0.7928765624999999
0 0.46429687499999994 0.8954375000000001 0.5026484375 0.8923171875 0.53475625 0.8680859375000001 0.541003125 0.85584375 0.5302609375 0.85421875 0.498653125 0.8725796875 0.4722953125 0.8682046874999999 0.443315625 0.84184375 0.447190625 0.82135625 0.42845000000000005 0.8358453125 0.42133281250000004 0.8111109375 0.39685000000000004 0.7874984375 0.392978125 0.77463125 0.3851078125 0.7864984374999999 0.32389687500000003 0.7663796875 0.43244375 0.8889374999999999 0.46429687499999994 0.8954375000000001
0 0.5929984375 0.5676546874999999 0.5690140625 0.56040625 0.5711390625 0.5437921875 0.5526500000000001 0.5497859375 0.5235453125 0.527671875 0.5171765625 0.4996890625 0.5410390625 0.4778296875 0.5276734375000001 0.46533749999999996 0.51505625 0.47183125 0.49469062499999994 0.50818125 0.5075515625 0.5599015625 0.6221 0.623121875 0.636715625 0.6264968750000001 0.6226015625 0.5950140625 0.5929984375 0.5676546874999999
0 0.5469 0.5895109374999999 0.5219140624999999 0.6051234375 0.5150406249999999 0.627484375 0.537896875 0.6729578125 0.5613812499999999 0.6860765625 0.5701265624999999 0.6889515625 0.5738734375 0.6838296875000001 0.543021875 0.6544703125 0.544896875 0.6352328125 0.5627609375 0.63935625 0.576875 0.6597203125 0.582371875 0.6507265624999999 0.58574375 0.658346875 0.6170984374999999 0.6707171875 0.626715625 0.68833125 0.6323375 0.686209375 0.6389578124999999 0.6945796875 0.6468281250000001 0.6827124999999999 0.6835546875 0.6903359375 0.589621875 0.60450625 0.5638890625 0.5900125 0.5469 0.5895109374999999
0 0.5477640625 0.693196875 0.5126671875000001 0.6303578125 0.48743437500000003 0.6099921875 0.4830609375 0.6252328125 0.4930515625 0.663459375 0.515909375 0.6978156249999999 0.5224031250000001 0.7215515625 0.5087828125 0.75090625 0.47630156250000005 0.76564375 0.47442812500000003 0.7737640625 0.5271453125 0.7602781249999999 0.5473859375 0.7392921875 0.5551328125 0.7205546875 0.5477640625 0.693196875