0 0.386853125 0.827096875 0.40633749999999996 0.8538328125 0.3962171875 0.87544375 0.40596249999999995 0.8665749999999999 0.42719687500000003 0.87831875 0.4692890625 0.9479046875 0.4670453125 0.9020578125000001 0.4525578125 0.8610828125 0.41583437500000003 0.8201046875 0.4163421875 0.73640625 0.3984765625 0.75451875 0.38448125 0.8077343750000001 0.386853125 0.827096875
0 0.2113640625 0.5351390625 0.20724218749999998 0.530765625 0.194 0.5362609375 0.16826406249999998 0.566240625 0.1657609375 0.6067140625 0.17862499999999998 0.636196875 0.223346875 0.6499421875 0.2596984375 0.6480718750000001 0.3140390625 0.657196875 0.3440203125 0.6495796875 0.2809390625 0.6153453125 0.248459375 0.607846875 0.223475 0.6123406250000001 0.20186406250000002 0.6022203125 0.191746875 0.5904765624999999 0.1902484375 0.5747359375000001 0.2113640625 0.5351390625
0 0.5991171875 0.5818953125 0.5616390625000001 0.6108734375 0.54639375 0.662090625 0.5516375 0.683828125 0.5744953125000001 0.7181828125 0.6024703125 0.8007593749999999 0.6093437500000001 0.76728125 0.6202109375 0.7757765625 0.6214609375 0.7666578125 0.608725 0.710690625 0.5974828125 0.6927015625 0.60098125 0.68495625 0.58336875 0.6723375 0.5758765625 0.6381078125 0.5802515625 0.61175 0.5991171875 0.5818953125
0 0.311321875 0.3281515625 0.288959375 0.33239687500000004 0.305328125 0.2985453125 0.1888921875 0.387978125 0.1719015625 0.40971250000000003 0.170025 0.44006875 0.178265625 0.47104999999999997 0.21923750000000003 0.512153125 0.2257328125 0.513653125 0.22985625 0.5069078124999999 0.203375 0.4734265625 0.2005046875 0.44881562500000005 0.205878125 0.4329515625 0.229240625 0.4058453125 0.27883749999999996 0.37624375 0.2853359375 0.3555078125 0.31444375 0.33315 0.311321875 0.3281515625
0 0.17254687500000002 0.1772328125 0.1419390625 0.20608749999999998 0.135440625 0.2268234375 0.130315625 0.2564296875 0.133934375 0.300028125 0.12181093750000001 0.36735937500000004 0.12643125 0.388096875 0.1586671875 0.3262640625 0.163540625 0.305153125 0.160421875 0.2668015625 0.1852828125 0.25543593750000004 0.1677921875 0.26080625 0.1592984375 0.24943749999999998 0.157178125 0.2215796875 0.1759203125 0.1848546875 0.17254687500000002 0.1772328125
0 0.3500359375 0.456825 0.32992187500000003 0.4624453125 0.3084359375 0.4591953125 0.299690625 0.4674390625 0.25846562500000003 0.47930312500000005 0.29281718749999996 0.48979999999999996 0.3628984375 0.4974265625 0.40611718750000003 0.539903125 0.44484218750000004 0.557396875 0.4919359375 0.56826875 0.50055625 0.564271875 0.49818281249999996 0.5560265625 0.44596875 0.5302890625 0.3685234375 0.4619484375 0.3500359375 0.456825
0 0.5195531250000001 0.4745796875 0.5160546874999999 0.482325 0.5259203125 0.51368125 0.49943125000000005 0.5691437500000001 0.47669375 0.58613125 0.481065625 0.593128125 0.5296624999999999 0.5641499999999999 0.5632703125 0.5223046874999999 0.5681453125 0.50119375 0.5581546875 0.462965625 0.5154375 0.39238125 0.49720000000000003 0.3787625 0.4917015625 0.4099921875 0.5195531250000001 0.4745796875
0 0.697315625 0.4899625 0.7556515625 0.50770625 0.8167390625 0.5098359375 0.9347937500000001 0.46525 0.9284234375 0.459503125 0.955159375 0.44001718749999996 0.8782062500000001 0.44363281250000003 0.820115625 0.47298437499999996 0.7379156250000001 0.4882171875 0.7046859375000001 0.48396718749999995 0.697315625 0.4899625
0 0.7122046875 0.2402453125 0.668728125 0.2729703125 0.6443625 0.3340546875 0.6493562500000001 0.3642859375 0.66721875 0.390646875 0.67245625 0.47909218750000004 0.6834484375 0.4944578125 0.7049375 0.46435468750000003 0.7098140625 0.42100625 0.7204312500000001 0.42687968749999994 0.6918296875000001 0.3655390625 0.7020796875 0.306328125 0.690834375 0.3216921875 0.6812171874999999 0.3151953125 0.689465625 0.27946875000000004 0.7122046875 0.2402453125
0 0.4431265625 0.1943734375 0.42289062499999996 0.1820046875 0.4052765625 0.18050312500000001 0.37716875 0.19111875 0.290465625 0.25919375 0.319446875 0.26331875 0.343059375 0.2499546875 0.373665625 0.24333593750000002 0.40315 0.21935312499999998 0.41926406250000003 0.2162328125 0.437128125 0.22035624999999998 0.4488703125 0.232475 0.439746875 0.2645796875 0.44411875 0.271575 0.4601109375 0.2504640625 0.466109375 0.22448125000000002 0.4431265625 0.1943734375
0 0.2892296875 0.123778125 0.3037171875 0.15363593749999999 0.3518109375 0.1750015625 0.43763125 0.18113125000000002 0.4567453125 0.1761359375 0.4278890625 0.1566453125 0.348315625 0.13827499999999998 0.3245828125 0.12253125000000001 0.313590625 0.107165625 0.314965625 0.0937984375 0.33545625 0.06431875000000001 0.3352078125 0.050578124999999995 0.2938546875 0.088925 0.2892296875 0.123778125
0 0.5078421875 0.14003749999999998 0.5068406249999999 0.15178125 0.5316953125 0.2071234375 0.5254453125 0.2416015625 0.5118265625 0.27095625 0.509325 0.31143125 0.5363 0.38351406250000003 0.5376765625 0.35902968749999997 0.5449234374999999 0.35728125 0.5440546875 0.28695 0.5604234375 0.253096875 0.5647984375 0.2267390625 0.5503109375 0.1857640625 0.5143375 0.1415375 0.5078421875 0.14003749999999998
0 0.676103125 0.23362031249999998 0.56755625 0.1110625 0.5357031250000001 0.1045625 0.4973515625 0.1076828125 0.46524374999999996 0.13191406249999998 0.45899687499999997 0.14415625 0.46973906249999997 0.14578125 0.5013468750000001 0.12742031250000002 0.5277046875 0.1317953125 0.556684375 0.15815625 0.552809375 0.17864375 0.57155 0.1641546875 0.5786671875 0.18888906249999998 0.6031500000000001 0.21250156250000002 0.607021875 0.22536874999999998 0.6148921875 0.2135015625 0.676103125 0.23362031249999998
0 0.363284375 0.373503125 0.3773984375 0.40498593749999995 0.40700156249999997 0.4323453125 0.4309859375 0.43959374999999995 0.4288609375 0.45620781250000003 0.44734999999999997 0.4502140625 0.4764546875 0.47232812500000004 0.4828234375 0.5003109375 0.4589609375 0.5221703125 0.4723265625 0.5346625 0.48494374999999995 0.5281687500000001 0.5053093750000001 0.49181875 0.49244843749999995 0.4400984375 0.3779 0.376878125 0.363284375 0.373503125
0 0.410378125 0.39549375000000003 0.43611093749999996 0.4099875 0.45309999999999995 0.41048906250000006 0.47808593750000006 0.39487656250000003 0.484959375 0.372515625 0.46210312499999995 0.32704218749999997 0.43861875 0.3139234375 0.42987343750000007 0.3110484375 0.42612656250000003 0.3161703125 0.456978125 0.3455296875 0.45510312500000005 0.3647671875 0.43723906250000005 0.36064375000000004 0.42312500000000003 0.3402796875 0.41762812499999996 0.3492734375 0.41425625000000005 0.341653125 0.38290156249999996 0.3292828125 0.373284375 0.31166875 0.3676625 0.313790625 0.3610421875 0.3054203125 0.353171875 0.3172875 0.3164453125 0.3096640625 0.410378125 0.39549375000000003
0 0.4526140625 0.2607078125 0.4448671875 0.2794453125 0.45223593749999996 0.306803125 0.48733281249999993 0.3696421875 0.5125656249999999 0.3900078125 0.5169390625 0.3747671875 0.5069484375 0.336540625 0.484090625 0.302184375 0.477596875 0.2784484375 0.49121718750000004 0.24909374999999997 0.5236984375 0.23435625 0.525571875 0.22623593749999998 0.47285468750000004 0.239721875 0.4526140625 0.2607078125