0 0.8286859375000001 0.4966984375 0.7738921875 0.49165000000000003 0.7507625 0.50224375 0.8295859374999999 0.53039375 0.8555328125000001 0.5789171875 0.8890828125000001 0.6065453125 0.9313968750000001 0.624334375 0.880403125 0.56098125 0.8766296875 0.537009375 0.888296875 0.5308843750000001 0.864528125 0.5330046875 0.8460703125 0.50555 0.8286859375000001 0.4966984375
0 0.6761703125 0.234490625 0.69045 0.24128124999999997 0.698025 0.25480468749999996 0.70014375 0.278575 0.6873750000000001 0.300515625 0.6833125 0.3336 0.6939062500000001 0.4045875 0.71131875 0.37901875 0.7213296875 0.324834375 0.735521875 0.2913140625 0.7379 0.2445890625 0.7145953125 0.2224171875 0.67570625 0.21092499999999997 0.6387328125 0.22485624999999998 0.6290390625 0.2354203125 0.6317390625 0.24078906249999998 0.6761703125 0.234490625
0 0.6392640625 0.6581515625 0.6477390625 0.6575124999999999 0.6607984375 0.674228125 0.709034375 0.7053390625 0.7180296875 0.7072828125 0.7137640625 0.694165625 0.747575 0.6991562499999999 0.679546875 0.6446265624999999 0.6550796875 0.611396875 0.6364484375 0.599034375 0.5831062499999999 0.5958421875 0.54305625 0.62115 0.5775625 0.6136328125 0.6038281249999999 0.6185375 0.63343125 0.637284375 0.6392640625 0.6581515625
0 0.37727656249999997 0.2481671875 0.41468437500000005 0.2443640625 0.4030484375 0.263925 0.406675 0.26856874999999997 0.43764062499999995 0.2488625 0.45935 0.2498484375 0.5041296875 0.2133671875 0.537590625 0.20068281250000003 0.5543359375 0.2010609375 0.5764796875 0.212175 0.5988859375 0.24850937499999998 0.606634375 0.24694218750000002 0.607446875 0.24032499999999998 0.5828359375 0.18776718750000002 0.5565421875000001 0.16942656250000002 0.5273749999999999 0.1608078125 0.5011390625 0.169340625 0.37727656249999997 0.2481671875
0 0.388853125 0.1060171875 0.37782499999999997 0.120615625 0.3970078125 0.1011421875 0.4319796875 0.11719062499999999 0.45348437500000005 0.11983124999999999 0.5226140625 0.11068750000000001 0.5047078125 0.099253125 0.4372890625 0.0876171875 0.3975578125 0.06930468749999999 0.367984375 0.0639953125 0.3462765625 0.06300781250000001 0.30869375 0.081903125 0.3147015625 0.087678125 0.35562187500000003 0.0826265625 0.381075 0.0941484375 0.388853125 0.1060171875
0 0.56960625 0.42542656250000005 0.5444734375 0.3702859375 0.561275 0.3018234375 0.5631609375 0.265953125 0.5379125 0.300634375 0.527175 0.3060328125 0.5228796874999999 0.327334375 0.5107203124999999 0.3443125 0.5092109375 0.36343749999999997 0.5469421875 0.4595859375 0.5532703125 0.5174546875 0.56020625 0.5225046875 0.566909375 0.515771875 0.5728 0.46779843750000005 0.56960625 0.42542656250000005
0 0.56516875 0.5231140625 0.5039906249999999 0.5290359375 0.4779 0.509040625 0.4694265625 0.5096796875 0.418259375 0.46141718750000005 0.38703125 0.4559046875 0.39359062499999997 0.47769843749999996 0.445309375 0.54198125 0.47781406249999997 0.56444375 0.49931875000000003 0.5670843750000001 0.5501359375 0.5498140625 0.5939875 0.514059375 0.5889078125 0.5075578125 0.56516875 0.5231140625
0 0.41980312499999994 0.7428703125 0.42308124999999996 0.6819828125 0.4149265625 0.6868578125 0.40755625 0.7195375 0.36512812499999997 0.7915703125 0.317678125 0.83611875 0.28796093749999996 0.90719375 0.31541562500000003 0.8887359375000001 0.3186375 0.8966875 0.4009125 0.8010015625 0.41980312499999994 0.7428703125
0 0.2488921875 0.6236531249999999 0.3080390625 0.6342734375 0.355896875 0.6821296875 0.354009375 0.67014375 0.3964109375 0.6803874999999999 0.43205 0.6704890625 0.42136874999999996 0.6549046875 0.34005 0.6197328125 0.3213875 0.5939328125000001 0.2946875 0.5789 0.228953125 0.5809046875 0.18333125 0.610565625 0.2279671875 0.6026125 0.2643609375 0.60708125 0.267175 0.618340625 0.2488921875 0.6236531249999999
0 0.2526890625 0.3739203125 0.27915625 0.3771703125 0.30446249999999997 0.3693625 0.299384375 0.3628625 0.266096875 0.3604546875 0.258725 0.3452765625 0.260959375 0.3270796875 0.269403125 0.313003125 0.3020234375 0.2935 0.3187109375 0.267003125 0.3393453125 0.2493859375 0.34538125000000003 0.22074218750000002 0.2517578125 0.2789328125 0.23216874999999998 0.30171562500000004 0.2275546875 0.3187796875 0.23225625 0.34202656249999996 0.2526890625 0.3739203125
0 0.22169218750000003 0.3323328125 0.2452859375 0.2495921875 0.24165625 0.19709062500000002 0.2185546875 0.173265625 0.184221875 0.165690625 0.13404375 0.191434375 0.146871875 0.19636718749999998 0.18158125 0.18719687499999998 0.19461250000000002 0.190475 0.2052921875 0.206059375 0.2119671875 0.23374687500000002 0.20201562499999998 0.3148046875 0.2104609375 0.3485859375 0.22169218750000003 0.3323328125
0 0.35464375000000004 0.48719062500000004 0.3781234375 0.49427031250000003 0.3196140625 0.44426718750000005 0.280725 0.43277656249999996 0.24848125 0.43553437500000003 0.2139453125 0.42961406249999995 0.17044062499999998 0.38732968749999996 0.1590640625 0.3842546875 0.1582515625 0.390871875 0.18750781249999998 0.4398015625 0.22105625 0.46742968749999997 0.247321875 0.47233281250000003 0.28473125 0.46853125 0.35052343750000003 0.4934015625 0.35464375000000004 0.48719062500000004
0 0.19148437499999998 0.5099765625 0.205328125 0.5066375 0.1945609375 0.4985984375 0.1807453125 0.46751718750000004 0.1599375 0.45236875000000004 0.1799609375 0.43971406249999995 0.159384375 0.43634843749999996 0.144525 0.4001 0.14942968750000002 0.3738359375 0.1774921875 0.35041406249999996 0.179640625 0.3397640625 0.16599999999999998 0.34144687500000004 0.13224843749999998 0.3633296875 0.1162 0.39830156250000004 0.1114125 0.4304578125 0.1894546875 0.5743750000000001 0.19148437499999998 0.5099765625
0 0.5061671875 0.483965625 0.48205 0.4684109375 0.47122343750000006 0.433496875 0.4831796875 0.41817343749999997 0.466840625 0.4144875 0.4682328125 0.389471875 0.4526484375 0.3522953125 0.4278921875 0.328265625 0.42606406249999995 0.343153125 0.44629531250000004 0.472415625 0.49049531249999995 0.502190625 0.53161875 0.4954859375 0.5420375 0.4858515625 0.53486875 0.46901875000000004 0.5061671875 0.483965625
0 0.3805296875 0.36526875 0.38653593750000004 0.37104375 0.37620468749999997 0.373134375 0.3905125 0.3933625 0.388278125 0.41155937500000006 0.369559375 0.4067421875 0.35252343750000004 0.3677078125 0.346428125 0.369478125 0.3461390625 0.37867812500000003 0.35043437499999996 0.4052328125 0.3853484375 0.44226406249999994 0.4087109375 0.443453125 0.43192812500000005 0.42531406250000003 0.4372671875 0.40917812500000006 0.43244999999999995 0.380040625 0.383921875 0.262415625 0.378525 0.299534375 0.36468124999999996 0.3028734375 0.3702828125 0.31195625 0.366365625 0.31651250000000003 0.379628125 0.331575 0.3805296875 0.36526875
0 0.3818375 0.44351250000000003 0.334790625 0.38903906250000003 0.311603125 0.3727578125 0.2913453125 0.3736296875 0.264703125 0.38547031249999997 0.23399999999999999 0.430396875 0.2422703125 0.4314125 0.2672296875 0.40593124999999997 0.299471875 0.4031734375 0.31955625 0.41739375 0.34402187500000003 0.4506234375 0.3765265625 0.473084375 0.39234375 0.47418750000000004 0.3818375 0.44351250000000003