0 0.75451875 0.6015234375 0.8077343750000001 0.61551875 0.827096875 0.613146875 0.8538328125 0.5936625 0.87544375 0.6037828125 0.8665749999999999 0.5940375 0.87831875 0.572803125 0.9479046875 0.5307109375 0.9020578125000001 0.5329546875 0.8610828125 0.5474421875 0.8201046875 0.584165625 0.73640625 0.5836578125 0.75451875 0.6015234375
0 0.5904765624999999 0.808253125 0.5747359375000001 0.8097515625 0.5351390625 0.7886359374999999 0.530765625 0.7927578125 0.5362609375 0.806 0.566240625 0.8317359375000001 0.6067140625 0.8342390625 0.636196875 0.821375 0.6499421875 0.7766531249999999 0.6480718750000001 0.7403015625 0.657196875 0.6859609375 0.6495796875 0.6559796875 0.6153453125 0.7190609375 0.607846875 0.751540625 0.6123406250000001 0.776525 0.6022203125 0.7981359375 0.5904765624999999 0.808253125
0 0.6381078125 0.42412343750000003 0.61175 0.4197484375 0.5818953125 0.4008828125 0.6108734375 0.4383609375 0.662090625 0.45360625 0.683828125 0.4483625 0.7181828125 0.4255046875 0.8007593749999999 0.3975296875 0.76728125 0.39065625000000004 0.7757765625 0.3797890625 0.7666578125 0.37853906249999997 0.710690625 0.391275 0.6927015625 0.4025171875 0.68495625 0.39901875000000003 0.6723375 0.41663125 0.6381078125 0.42412343750000003
0 0.3555078125 0.7146640625 0.33315 0.68555625 0.3281515625 0.688678125 0.33239687500000004 0.711040625 0.2985453125 0.6946718749999999 0.387978125 0.8111078125000001 0.40971250000000003 0.8280984374999999 0.44006875 0.8299749999999999 0.47104999999999997 0.8217343749999999 0.512153125 0.7807625 0.513653125 0.7742671875 0.5069078124999999 0.77014375 0.4734265625 0.7966249999999999 0.44881562500000005 0.7994953125 0.4329515625 0.794121875 0.4058453125 0.770759375 0.37624375 0.7211624999999999 0.3555078125 0.7146640625
0 0.2215796875 0.8428218749999999 0.1848546875 0.8240796874999999 0.1772328125 0.8274531250000001 0.20608749999999998 0.8580609375 0.2268234375 0.864559375 0.2564296875 0.869684375 0.300028125 0.8660656250000001 0.36735937500000004 0.8781890625000001 0.388096875 0.8735687499999999 0.3262640625 0.8413328124999999 0.305153125 0.8364593749999999 0.2668015625 0.8395781250000001 0.25543593750000004 0.8147171875 0.26080625 0.8322078125000001 0.24943749999999998 0.8407015624999999 0.2215796875 0.8428218749999999
0 0.5302890625 0.55403125 0.4619484375 0.6314765625 0.456825 0.6499640624999999 0.4624453125 0.6700781250000001 0.4591953125 0.6915640625 0.4674390625 0.700309375 0.47930312500000005 0.741534375 0.48979999999999996 0.7071828124999999 0.4974265625 0.6371015625 0.539903125 0.5938828125 0.557396875 0.5551578125 0.56826875 0.5080640625 0.564271875 0.49944375 0.5560265625 0.5018171875 0.5302890625 0.55403125
0 0.3787625 0.5027999999999999 0.4099921875 0.5082984374999999 0.4745796875 0.480446875 0.482325 0.48394531250000006 0.51368125 0.4740796875 0.5691437500000001 0.50056875 0.58613125 0.52330625 0.593128125 0.518934375 0.5641499999999999 0.4703375 0.5223046874999999 0.4367296875 0.50119375 0.4318546875 0.462965625 0.44184531250000003 0.39238125 0.4845625 0.3787625 0.5027999999999999
0 0.4882171875 0.26208437500000004 0.48396718749999995 0.29531406250000003 0.4899625 0.302684375 0.50770625 0.24434843750000002 0.5098359375 0.1832609375 0.46525 0.06520625 0.459503125 0.0715765625 0.44001718749999996 0.044840625 0.44363281250000003 0.12179374999999999 0.47298437499999996 0.179884375 0.4882171875 0.26208437500000004
0 0.3151953125 0.31878281249999996 0.27946875000000004 0.310534375 0.2402453125 0.2877953125 0.2729703125 0.331271875 0.3340546875 0.3556375 0.3642859375 0.35064375000000003 0.390646875 0.33278125 0.47909218750000004 0.32754374999999997 0.4944578125 0.3165515625 0.46435468750000003 0.2950625 0.42100625 0.2901859375 0.42687968749999994 0.27956875000000003 0.3655390625 0.30817031250000004 0.306328125 0.2979203125 0.3216921875 0.309165625 0.3151953125 0.31878281249999996
0 0.2504640625 0.5398890625 0.22448125000000002 0.533890625 0.1943734375 0.5568734375 0.1820046875 0.577109375 0.18050312500000001 0.5947234375 0.19111875 0.6228312500000001 0.25919375 0.7095343749999999 0.26331875 0.680553125 0.2499546875 0.6569406250000001 0.24333593750000002 0.626334375 0.21935312499999998 0.59685 0.2162328125 0.5807359375 0.22035624999999998 0.562871875 0.232475 0.5511296875 0.2645796875 0.560253125 0.271575 0.55588125 0.2504640625 0.5398890625
0 0.050578124999999995 0.6647921875 0.088925 0.7061453125 0.123778125 0.7107703125 0.15363593749999999 0.6962828125 0.1750015625 0.6481890625 0.18113125000000002 0.56236875 0.1761359375 0.5432546874999999 0.1566453125 0.5721109375 0.13827499999999998 0.651684375 0.12253125000000001 0.6754171875 0.107165625 0.686409375 0.0937984375 0.6850343750000001 0.06431875000000001 0.66454375 0.050578124999999995 0.6647921875
0 0.1857640625 0.44968906249999996 0.1415375 0.4856625 0.14003749999999998 0.4921578125 0.15178125 0.493159375 0.2071234375 0.4683046875 0.2416015625 0.47455468749999996 0.27095625 0.4881734375 0.31143125 0.490675 0.38351406250000003 0.46369999999999995 0.35902968749999997 0.4623234375 0.35728125 0.45507656250000006 0.28695 0.45594531250000003 0.253096875 0.4395765625 0.2267390625 0.43520156249999997 0.1857640625 0.44968906249999996
0 0.22536874999999998 0.392978125 0.2135015625 0.3851078125 0.23362031249999998 0.32389687500000003 0.1110625 0.43244375 0.1045625 0.46429687499999994 0.1076828125 0.5026484375 0.13191406249999998 0.53475625 0.14415625 0.541003125 0.14578125 0.5302609375 0.12742031250000002 0.498653125 0.1317953125 0.4722953125 0.15815625 0.443315625 0.17864375 0.447190625 0.1641546875 0.42845000000000005 0.18888906249999998 0.42133281250000004 0.21250156250000002 0.39685000000000004 0.22536874999999998 0.392978125
0 0.4400984375 0.5075515625 0.376878125 0.6221 0.373503125 0.636715625 0.40498593749999995 0.6226015625 0.4323453125 0.5929984375 0.43959374999999995 0.5690140625 0.45620781250000003 0.5711390625 0.4502140625 0.5526500000000001 0.47232812500000004 0.5235453125 0.5003109375 0.5171765625 0.5221703125 0.5410390625 0.5346625 0.5276734375000001 0.5281687500000001 0.51505625 0.49181875 0.49469062499999994 0.4400984375 0.5075515625
0 0.3172875 0.6468281250000001 0.3096640625 0.6835546875 0.39549375000000003 0.589621875 0.4099875 0.5638890625 0.41048906250000006 0.5469 0.39487656250000003 0.5219140624999999 0.372515625 0.5150406249999999 0.32704218749999997 0.537896875 0.3139234375 0.5613812499999999 0.3110484375 0.5701265624999999 0.3161703125 0.5738734375 0.3455296875 0.543021875 0.3647671875 0.544896875 0.36064375000000004 0.5627609375 0.3402796875 0.576875 0.3492734375 0.582371875 0.341653125 0.58574375 0.3292828125 0.6170984374999999 0.31166875 0.626715625 0.313790625 0.6323375 0.3054203125 0.6389578124999999 0.3172875 0.6468281250000001
0 0.22623593749999998 0.47442812500000003 0.239721875 0.5271453125 0.2607078125 0.5473859375 0.2794453125 0.5551328125 0.306803125 0.5477640625 0.3696421875 0.5126671875000001 0.3900078125 0.48743437500000003 0.3747671875 0.4830609375 0.336540625 0.4930515625 0.302184375 0.515909375 0.2784484375 0.5224031250000001 0.24909374999999997 0.5087828125 0.23435625 0.47630156250000005 0.22623593749999998 0.47442812500000003