0 0.5166671875 0.11083281250000002 0.5091671875 0.12166718750000001 0.4858328125 0.11499999999999999 0.42916718749999994 0.05666718750000001 0.44166718749999995 0.10083281250000001 0.465 0.1375 0.51 0.16916718749999998 0.5283328125 0.2508328125 0.5416671875 0.2291671875 0.5433328125 0.1741671875 0.5366671875 0.1558328125 0.5116671875 0.1341671875 0.5166671875 0.11083281250000002
0 0.7358328125 0.2916671875 0.7008328125000001 0.3016671875 0.6458328125 0.305 0.6183328125 0.3191671875 0.6875 0.33833281249999997 0.7208328125000001 0.33833281249999997 0.7441671875 0.3283328125 0.7675 0.3333328125 0.78 0.34249999999999997 0.7849999999999999 0.35750000000000004 0.7733328125 0.4008328125 0.7783328125 0.40416718749999997 0.79 0.3958328125 0.8083328125 0.3608328125 0.8016671875 0.3208328125 0.7825 0.29500000000000004 0.7358328125 0.2916671875
0 0.3325 0.22999999999999998 0.3333328125 0.2641671875 0.3208328125 0.2583328125 0.3216671875 0.26749999999999996 0.3466671875 0.3191671875 0.36166718750000004 0.33416718749999996 0.36 0.34249999999999997 0.38 0.3508328125 0.395 0.3825 0.39666718749999996 0.40916718750000003 0.385 0.4425 0.41500000000000004 0.40583281250000003 0.4183328125 0.3525 0.40833281250000003 0.3325 0.3783328125 0.3041671875 0.3325 0.22999999999999998
0 0.7708328125 0.425 0.7641671875 0.425 0.7616671875 0.4325 0.795 0.4591671875 0.8033328125000001 0.48250000000000004 0.8016671875 0.4991671875 0.7849999999999999 0.5308328125 0.7433328125 0.5708328125000001 0.7416671874999999 0.5925 0.7183328125 0.6208328125 0.7224999999999999 0.625 0.7433328125 0.6158328125 0.735 0.6525000000000001 0.8283328125 0.5391671875 0.8400000000000001 0.5141671875 0.835 0.48416718750000004 0.82 0.4558328125 0.7708328125 0.425
0 0.8983328125 0.5441671875 0.8891671875 0.525 0.8716671874999999 0.5925 0.8716671874999999 0.6141671875 0.8833328125 0.6508328125 0.8616671874999999 0.6675 0.8775000000000001 0.6583328125000001 0.8883328125000001 0.6675 0.8966671875 0.6941671875 0.8866671875 0.7341671875 0.8916671875000001 0.7408328125 0.915 0.7058328125 0.9166671875000001 0.6841671875 0.915 0.6541671874999999 0.9016671875 0.6125 0.8983328125 0.5441671875
0 0.74 0.46583281249999997 0.7041671875 0.4633328125 0.6341671875 0.47166718750000003 0.5825 0.44000000000000006 0.5408328124999999 0.4316671875 0.4925 0.4316671875 0.485 0.4375 0.4891671875 0.445 0.5458328125 0.4583328125 0.6366671875 0.5075000000000001 0.6558328125 0.5083328125000001 0.6741671874999999 0.4983328125 0.6958328125000001 0.49666718750000005 0.7025 0.4866671875 0.74 0.46583281249999997
0 0.485 0.4325 0.5033328125 0.4108328125 0.49749999999999994 0.40499999999999997 0.4566671875 0.4441671875 0.43333281250000005 0.4925 0.43333281250000005 0.5141671875 0.4516671875 0.5491671874999999 0.5091671875 0.6083328125 0.53 0.6174999999999999 0.5283328125 0.5858328125 0.4866671875 0.5291671874999999 0.48833281250000005 0.5208328125 0.47166718750000003 0.4925 0.485 0.4325
0 0.31 0.5541671874999999 0.24916718750000003 0.55 0.1891671875 0.5616671875 0.08416718749999999 0.6316671875 0.0916671875 0.6358328125 0.06999999999999999 0.6608328125 0.1441671875 0.64 0.1941671875 0.5983328125 0.2708328125 0.5650000000000001 0.3041671875 0.5616671875 0.31 0.5541671874999999
0 0.3366671875 0.5591671875 0.3225 0.5466671875 0.3083328125 0.5808328125 0.3133328125 0.6241671875 0.3016671875 0.6208328125 0.34333281250000003 0.6741671874999999 0.3466671875 0.7341671875 0.3541671875 0.7166671874999999 0.365 0.7208328125000001 0.365 0.7575000000000001 0.35166718750000003 0.8008328125 0.3866671875 0.7591671875 0.39666718749999996 0.6941671875 0.385 0.6658328124999999 0.36166718750000004 0.6441671875 0.3366671875 0.5591671875
0 0.7091671875000001 0.7083328125 0.6808328125 0.7216671875 0.6575 0.7516671875000001 0.6425 0.7583328125000001 0.6241671875 0.7583328125000001 0.61 0.7491671875 0.6116671874999999 0.7158328125 0.6058328125 0.71 0.595 0.7341671875 0.595 0.7608328125 0.6241671875 0.7849999999999999 0.6466671875000001 0.7925 0.6641671875 0.79 0.6891671875000001 0.7733328125 0.7583328125000001 0.6875 0.7291671875 0.6900000000000001 0.7091671875000001 0.7083328125
0 0.6325000000000001 0.7966671875 0.615 0.8058328124999999 0.6475 0.8183328124999999 0.7291671875 0.8183328124999999 0.7558328125 0.8283328125 0.77 0.8408328125000001 0.7716671875000001 0.8541671875000001 0.7583328125000001 0.8875 0.7616671875 0.9008328125 0.7933328125 0.8541671875000001 0.79 0.8191671875000001 0.7691671875 0.7933328125 0.7175 0.7833328125000001 0.6325000000000001 0.7966671875
0 0.54 0.7258328125 0.5333328125000001 0.6858328124999999 0.4908328125 0.6216671875 0.495 0.6458328125 0.48833281250000005 0.6491671875 0.505 0.7175 0.49666718750000005 0.7541671875 0.4983328125 0.7808328125 0.5216671875000001 0.8175000000000001 0.5666671875 0.8525 0.5733328125 0.8525 0.5716671875 0.8408328125000001 0.5349999999999999 0.7925 0.5333328125000001 0.7575000000000001 0.54 0.7258328125
0 0.6091671875 0.8383328125 0.5825 0.8633328125 0.5558328125 0.865 0.5216671875000001 0.8458328125 0.5208328125 0.825 0.5058328125 0.8433328124999999 0.4933328125 0.8208328125 0.4641671875 0.8033328125000001 0.4575 0.7916671875 0.4525 0.805 0.38833281249999996 0.7991671874999999 0.5216671875000001 0.8941671875000001 0.5541671874999999 0.8933328125 0.5908328125 0.8816671875000001 0.6166671874999999 0.8508328125 0.62 0.8375 0.6091671875 0.8383328125
0 0.5791671875 0.5266671875 0.5625 0.5366671875 0.5291671874999999 0.5216671875000001 0.5166671875 0.49583281250000005 0.5349999999999999 0.46916718749999997 0.5191671875 0.45999999999999996 0.5083328125000001 0.46916718749999997 0.49666718750000005 0.5091671875 0.5208328125 0.5566671875 0.6466671875000001 0.5925 0.6616671875 0.5925 0.6408328125 0.5650000000000001 0.6058328125 0.545 0.5808328125 0.5433328125 0.5791671875 0.5266671875
0 0.5925 0.6216671875 0.6108328125 0.6383328125000001 0.6141671875 0.6283328125 0.6191671875 0.635 0.6525000000000001 0.64 0.6658328124999999 0.655 0.6708328125 0.6516671875 0.6791671874999999 0.6583328125000001 0.6841671875 0.645 0.7216671875 0.6441671875 0.6108328125 0.5816671875 0.5825 0.5733328125 0.5658328125 0.5766671875 0.545 0.5974999999999999 0.5433328125 0.6208328125 0.5758328125000001 0.6599999999999999 0.6016671875 0.6675 0.6108328125 0.6683328125 0.6133328125 0.6625 0.5766671875 0.6408328125 0.5741671875 0.6216671875 0.5925 0.6216671875
0 0.5416671875 0.6241671875 0.5125 0.61 0.5116671875 0.6258328125 0.53 0.6608328125 0.5599999999999999 0.6891671875000001 0.5716671875 0.7108328125 0.5650000000000001 0.7424999999999999 0.5366671875 0.7641671875 0.5366671875 0.7725 0.585 0.7474999999999999 0.6 0.7224999999999999 0.6033328124999999 0.7025 0.5900000000000001 0.6775 0.5416671875 0.6241671875