0 0.2143625 0.476471875 0.176309375 0.52915625 0.1016359375 0.6126484375000001 0.111596875 0.6117765625 0.0821671875 0.65785 0.10984374999999999 0.6395359375 0.1311375 0.6343265625 0.1577640625 0.6135937499999999 0.18706875 0.6043375 0.23319687500000003 0.5291984375000001 0.26970312500000004 0.48752500000000004 0.31463593749999996 0.40830625 0.32515937500000003 0.3755984375 0.312925 0.37917812500000003 0.253546875 0.446275 0.2143625 0.476471875
0 0.8167828125 0.238896875 0.7882765625 0.1903640625 0.728775 0.16043593750000001 0.7038703125 0.1626140625 0.6798375 0.1747546875 0.6244234375 0.22979375000000002 0.55998125 0.2772578125 0.5446546875 0.3028578125 0.5870656249999999 0.299984375 0.6126140625 0.2860375 0.6358578125000001 0.284003125 0.6659515625 0.264640625 0.6914171875 0.230625 0.7264921875 0.2108265625 0.749590625 0.20713281249999999 0.7771734375 0.21642968749999997 0.8114171875 0.263625 0.8186703124999999 0.26048125 0.8167828125 0.238896875
0 0.8329281249999999 0.327828125 0.8432000000000001 0.36875468749999996 0.8255390625000001 0.415471875 0.7619687500000001 0.47289843749999994 0.7546828125 0.48524687499999997 0.758875 0.49491874999999996 0.753396875 0.50878125 0.7215796875 0.5466984375 0.72291875 0.5524375 0.7544953125 0.5404734375 0.7480203125 0.5811921875 0.7631390625 0.572340625 0.837409375 0.4746625 0.878896875 0.432553125 0.8916609375 0.40634218750000006 0.8886109375 0.371475 0.862378125 0.3202328125 0.7979265625 0.2815359375 0.7876421875 0.288290625 0.789884375 0.2947875 0.8074734375 0.31416093749999996 0.8329281249999999 0.327828125
0 0.8979046875 0.7454203125000001 0.9055 0.7748703124999999 0.9206703125000001 0.79529375 0.9252156250000001 0.7898765625 0.918471875 0.7319109375 0.8903296875000001 0.62060625 0.9197390625 0.5360546875 0.9195421874999999 0.5051203125 0.9031671875 0.528303125 0.8757828125 0.5499390625 0.8557328125 0.5884984375 0.8496312500000001 0.6526078125 0.8648843749999999 0.6931 0.8979046875 0.7454203125000001
0 0.6614828125 0.8254984375 0.727896875 0.8196875 0.7660218750000001 0.8347546875 0.7831750000000001 0.8491484375 0.7875953124999999 0.88055 0.7661765625 0.9225765625 0.7708046875 0.9372281250000001 0.7909359375 0.9187359374999999 0.8170453125 0.8729531250000001 0.8125421875000001 0.8214828125 0.7870046875 0.7877468750000001 0.757471875 0.7752734375 0.721878125 0.7700234375 0.5940328125 0.7812078125 0.5760296874999999 0.79533125 0.615346875 0.8144765625 0.6388828125 0.8157640625000001 0.6614828125 0.8254984375
0 0.564365625 0.7193921875 0.5708421875 0.678671875 0.570115625 0.6703703125 0.5624265625 0.668534375 0.545875 0.699259375 0.5439437500000001 0.7345625 0.5792984375 0.7657671875000001 0.61818125 0.77993125 0.65336875 0.770996875 0.673646875 0.754165625 0.76390625 0.6575984375 0.7775734375 0.63214375 0.754296875 0.6433828125 0.7340828125 0.6418046875 0.659534375 0.6884796875 0.638759375 0.7187390625 0.6132109375 0.732684375 0.5865 0.7333484375 0.564365625 0.7193921875
0 0.39642343750000003 0.8076984375 0.3708234375 0.7923703125 0.3604265625 0.7882609375 0.34245312499999997 0.7931796875 0.3129203125 0.7807062499999999 0.2982671875 0.7853343749999999 0.25151875 0.7768765625 0.36067499999999997 0.84846875 0.42625624999999995 0.909653125 0.4612375 0.9174671875 0.5341781250000001 0.9002109375 0.56855625 0.86290625 0.5749703125 0.8405953125 0.559415625 0.844465625 0.5285328125000001 0.8739359375 0.48868437499999995 0.8774218749999999 0.44589999999999996 0.85690625 0.4376609375 0.8392234375 0.43848125 0.8199125 0.41878593750000004 0.843384375 0.39642343750000003 0.8076984375
0 0.41045468749999997 0.7194734375 0.41018437499999993 0.7546296875 0.44363906249999996 0.8119328124999999 0.50654375 0.8616390624999999 0.5128953125 0.8577375 0.508121875 0.8414249999999999 0.4767 0.8073671875 0.4603671875 0.7736625 0.45854062500000003 0.73366875 0.469625 0.669125 0.4668640625 0.637578125 0.435859375 0.5700234375 0.41393281249999997 0.5393171875 0.4237171875 0.6798328125 0.41045468749999997 0.7194734375
0 0.5143078125 0.6635421874999999 0.516196875 0.6851265625 0.5034328125 0.7113390625 0.46940625 0.7335546875000001 0.46316875 0.748321875 0.5222453125000001 0.7255859375 0.55286875 0.683590625 0.55675 0.6514640625 0.5407078125 0.6210796875 0.470496875 0.54524375 0.4365953125 0.5306421875 0.4374359375 0.5498093749999999 0.45665468750000004 0.5782421875 0.4599125 0.5963609375 0.4984109375 0.63481875 0.5143078125 0.6635421874999999
0 0.66835625 0.5789609375 0.7279515625 0.581275 0.5702734375 0.49050625 0.5359046875 0.48012812499999996 0.5128046875 0.483821875 0.49678281249999995 0.491915625 0.48268125 0.512390625 0.48089531250000006 0.549353125 0.5226828125 0.596725 0.559759375 0.609375 0.5706249999999999 0.6092609375 0.5705109375 0.5983953125 0.5248734374999999 0.5739468750000001 0.519840625 0.545109375 0.5501625 0.547475 0.570459375 0.569121875 0.5744234374999999 0.5570640625000001 0.593703125 0.5670890625 0.62583125 0.5709703125 0.663021875 0.5944843750000001 0.66835625 0.5789609375
0 0.6172 0.3575765625 0.54910625 0.3250546875 0.5057921875 0.3271703125 0.48138593749999997 0.315921875 0.410459375 0.3179453125 0.41750468749999997 0.3315484375 0.4381546875 0.3381078125 0.4614 0.33607343749999996 0.5801125 0.39260937500000004 0.6272953125 0.40604843749999997 0.6547640625 0.40448125 0.6801671875 0.38887499999999997 0.7081015625 0.38308437500000003 0.7228171875 0.36004843750000004 0.7645640625000001 0.3304625 0.722734375 0.339978125 0.718365625 0.3378515625 0.7238140625 0.3331921875 0.7155125 0.33391875 0.6585625 0.352284375 0.6172 0.3575765625
0 0.442834375 0.3820328125 0.4687359375 0.35299843750000004 0.46667031249999996 0.338959375 0.4481171875 0.33723593749999997 0.43177343749999997 0.3512140625 0.41460937500000006 0.384503125 0.4157703125 0.3977859375 0.434490625 0.43964687500000005 0.45207968750000005 0.4590203125 0.478146875 0.470125 0.5271671875 0.47587343750000005 0.6150390625 0.5049921875 0.6429437499999999 0.50840625 0.6511 0.5060203125 0.6225015625 0.4851 0.6135046875 0.46832031250000006 0.5892421875 0.45873125000000003 0.5623046875 0.437665625 0.5319828125 0.43529999999999996 0.5338499999999999 0.41840625 0.5194890625 0.42635468750000005 0.49277812499999996 0.42701874999999995 0.4531703125 0.4045515625 0.442834375 0.3820328125
0 0.4175171875 0.1500234375 0.38976875 0.10058750000000001 0.382671875 0.05770937499999999 0.3709359375 0.0478609375 0.36826875000000003 0.1225453125 0.38316875 0.178125 0.44499374999999997 0.2346171875 0.50474375 0.32475312500000003 0.5110953125 0.3208515625 0.5122687499999999 0.28645156250000003 0.532275 0.304778125 0.5327421875 0.3005546875 0.49075781249999995 0.2222484375 0.45088906250000005 0.18725624999999999 0.4687796875 0.16226875000000002 0.45561093750000003 0.17429531250000002 0.45011093750000003 0.14968125000000002 0.43979687500000003 0.16564218749999998 0.4175171875 0.1500234375
0 0.4305703125 0.260975 0.432728125 0.24740156249999998 0.42503906249999995 0.245565625 0.36403281249999997 0.30360312500000003 0.333959375 0.36144375 0.333834375 0.3982625 0.3428 0.42424531249999997 0.357825 0.4430078125 0.37739531249999997 0.45635312499999997 0.43569375 0.529884375 0.4567796875 0.541425 0.469771875 0.5369421875 0.4571953125 0.5079281250000001 0.45725781249999997 0.48951874999999995 0.4404265625 0.4692421875 0.42965468749999997 0.44174218749999994 0.40379531249999995 0.41389062499999996 0.40956562500000004 0.403346875 0.3894140625 0.3833609375 0.3896015625 0.328134375 0.40207499999999996 0.2986015625 0.4305703125 0.260975
0 0.2235703125 0.2088171875 0.2560390625 0.24529375 0.292503125 0.26050625 0.31746093750000004 0.2876015625 0.32505625 0.3170515625 0.3197421875 0.371053125 0.33244375000000004 0.36324999999999996 0.3550875 0.316096875 0.3591140625 0.2856296875 0.3533234375 0.2576953125 0.326415625 0.227425 0.2792640625 0.20478125 0.184584375 0.13610625 0.207528125 0.17843437499999998 0.1883609375 0.1792734375 0.1915046875 0.186528125 0.2235703125 0.2088171875
0 0.3181421875 0.4866328125 0.3222109375 0.533121875 0.35767812499999996 0.5751906250000001 0.34663750000000004 0.5828484375 0.32305937500000004 0.6384484375 0.3460453125 0.6238890625 0.35157656249999997 0.6393 0.327303125 0.67739375 0.3014640625 0.68801875 0.276175 0.714490625 0.3018375 0.711409375 0.3598671875 0.68625625 0.398790625 0.643534375 0.412634375 0.6105343750000001 0.40539218750000006 0.565996875 0.35595781249999997 0.45990156249999997 0.3257921875 0.4115125 0.320571875 0.4379015625 0.3065 0.44917187500000005 0.30585625 0.46093906249999994 0.3181421875 0.4866328125