0 0.1125 0.5983328125 0.16916718749999998 0.5883328125 0.2308328125 0.5316671875 0.32583281249999996 0.48 0.3225 0.4733328125 0.2883328125 0.46916718749999997 0.3083328125 0.4508328125 0.3041671875 0.45 0.2225 0.485 0.1841671875 0.5216671875000001 0.1608328125 0.5016671875000001 0.16999999999999998 0.5191671875 0.14666718750000002 0.5191671875 0.1616671875 0.5308328125 0.1441671875 0.5516671875 0.0925 0.575 0.0475 0.5783328125 0.0383328125 0.5891671875 0.1125 0.5983328125
0 0.1916671875 0.2925 0.2416671875 0.3525 0.2833328125 0.42083281250000004 0.3075 0.4383328125 0.3083328125 0.3958328125 0.2966671875 0.3691671875 0.2966671875 0.3458328125 0.27999999999999997 0.3141671875 0.24500000000000002 0.28083281250000003 0.22999999999999998 0.23916718750000002 0.2416671875 0.1991671875 0.28250000000000003 0.1783328125 0.2916671875 0.1675 0.2875 0.1616671875 0.2691671875 0.1616671875 0.2166671875 0.1858328125 0.185 0.2358328125 0.1816671875 0.26749999999999996 0.1916671875 0.2925
0 0.5175 0.2416671875 0.5308328125 0.2483328125 0.5658328125 0.2833328125 0.5716671875 0.28250000000000003 0.5700000000000001 0.2708328125 0.5608328124999999 0.25 0.6025 0.26 0.595 0.2441671875 0.5058328125 0.1633328125 0.46583281249999997 0.1166671875 0.44083281249999995 0.10166718749999999 0.40583281250000003 0.10166718749999999 0.3525 0.12333281250000001 0.3083328125 0.1841671875 0.3175 0.195 0.3466671875 0.17250000000000001 0.35750000000000004 0.1533328125 0.3991671875 0.14666718750000002 0.4441671875 0.1683328125 0.49583281250000005 0.23666718750000001 0.5075000000000001 0.24500000000000002 0.5175 0.2416671875
0 0.325 0.5675 0.3333328125 0.5475 0.3333328125 0.5241671875 0.4 0.4108328125 0.4175 0.365 0.4183328125 0.3375 0.40499999999999997 0.3108328125 0.4016671875 0.28250000000000003 0.38 0.2658328125 0.3541671875 0.22166718749999997 0.3583328125 0.26749999999999996 0.3541671875 0.2616671875 0.35333281250000004 0.2725 0.3666671875 0.3291671875 0.3683328125 0.3708328125 0.32999999999999996 0.4375 0.3283328125 0.4791671875 0.315 0.5025000000000001 0.3108328125 0.5733328125 0.325 0.5675
0 0.3333328125 0.5375 0.3458328125 0.5549999999999999 0.3775 0.575 0.3891671875 0.575 0.43416718750000005 0.5599999999999999 0.45499999999999996 0.5441671875 0.46833281250000003 0.5191671875 0.4783328125 0.47083281250000003 0.51 0.3991671875 0.5208328125 0.3583328125 0.5191671875 0.35 0.49749999999999994 0.375 0.4783328125 0.3825 0.46666718749999997 0.40750000000000003 0.44166718749999995 0.4358328125 0.4383328125 0.4625 0.42166718750000004 0.4591671875 0.4283328125 0.4741671875 0.4266671875 0.5008328125 0.40499999999999997 0.5341671875 0.3891671875 0.545 0.3741671875 0.545 0.34249999999999997 0.5166671875 0.3333328125 0.5258328125 0.3333328125 0.5375
0 0.485 0.4858328125 0.49166718749999994 0.5025000000000001 0.5108328125 0.5183328125 0.5475 0.5233328125 0.5983328125 0.4858328125 0.6141671875 0.45 0.6125 0.43499999999999994 0.5933328125 0.4508328125 0.5758328125000001 0.4816671875 0.5466671875 0.48416718750000004 0.5516671875 0.45416718749999996 0.575 0.4358328125 0.5616671875 0.4325 0.5766671875 0.40750000000000003 0.5816671875 0.3808328125 0.61 0.34249999999999997 0.5933328125 0.3391671875 0.6008328125 0.27999999999999997 0.49666718750000005 0.42916718749999994 0.48333281250000004 0.4641671875 0.485 0.4858328125
0 0.3858328125 0.6566671875 0.4308328125 0.6366671875 0.44583281250000006 0.6183328125 0.5241671875 0.5666671875 0.5375 0.5466671875 0.5341671875 0.5333328125000001 0.5025000000000001 0.5433328125 0.4858328125 0.5416671875 0.4325 0.5666671875 0.40583281250000003 0.5883328125 0.3975 0.58 0.3741671875 0.6 0.3191671875 0.595 0.29083281250000004 0.58 0.2591671875 0.55 0.2425 0.545 0.24 0.5525 0.2925 0.6183328125 0.34416718749999997 0.6516671875 0.3858328125 0.6566671875
0 0.7441671875 0.5583328125 0.7266671875 0.49749999999999994 0.6875 0.4633328125 0.6558328125 0.4566671875 0.6241671875 0.47000000000000003 0.5425 0.5333328125000001 0.525 0.5658328125 0.5441671875 0.5666671875 0.5741671875 0.55 0.5925 0.5483328125 0.6341671875 0.5133328125000001 0.6641671875 0.5 0.6858328124999999 0.5 0.7108328125 0.515 0.73 0.5508328125 0.7441671875 0.5583328125
0 0.8574999999999999 0.5183328125 0.8408328125000001 0.5216671875000001 0.8041671875 0.55 0.7691671875 0.5633328125 0.7291671875 0.5616671875 0.6658328124999999 0.545 0.6341671875 0.545 0.5641671875000001 0.5700000000000001 0.5333328125000001 0.5891671875 0.6725 0.5916671874999999 0.7108328125 0.6083328125 0.7458328125 0.6116671874999999 0.8058328124999999 0.5833328125 0.8608328125 0.525 0.8574999999999999 0.5183328125
0 0.6224999999999999 0.6883328125 0.6083328125 0.6675 0.6258328125 0.6599999999999999 0.6616671875 0.6875 0.6783328125 0.7275 0.6941671875 0.7416671874999999 0.6933328125 0.7158328125 0.6733328125 0.6558328125 0.6341671875 0.6133328125 0.6075 0.5983328125 0.5691671875 0.5966671875 0.44749999999999995 0.64 0.39666718749999996 0.6658328124999999 0.4225 0.6733328125 0.4325 0.6883328125 0.4441671875 0.6900000000000001 0.47083281250000003 0.6799999999999999 0.5175 0.6799999999999999 0.5625 0.6483328125 0.5691671875 0.6599999999999999 0.6224999999999999 0.6883328125
0 0.5058328125 0.7683328125 0.46749999999999997 0.7283328124999999 0.39249999999999996 0.6766671875 0.3608328125 0.6633328125 0.3633328125 0.6758328125 0.425 0.7408328125 0.4516671875 0.7825 0.55 0.8741671875 0.5691671875 0.9 0.5775 0.9066671875000001 0.5775 0.8966671875 0.6208328125 0.93 0.5733328125 0.8175000000000001 0.5058328125 0.7683328125
0 0.3025 0.6583328125000001 0.3558328125 0.6683328125 0.34916718750000003 0.655 0.3125 0.6316671875 0.2725 0.6216671875 0.2458328125 0.625 0.21333281249999997 0.6491671875 0.1866671875 0.6941671875 0.11000000000000001 0.7825 0.1541671875 0.7633328125000001 0.1533328125 0.7825 0.1608328125 0.78 0.1841671875 0.7516671875000001 0.225 0.7208328125000001 0.2416671875 0.6875 0.2725 0.6633328125 0.3025 0.6583328125000001
0 0.6725 0.4466671875 0.6733328125 0.45416718749999996 0.7025 0.47166718750000003 0.7375 0.47666718750000003 0.7716671875000001 0.4441671875 0.7891671875 0.40499999999999997 0.7833328125000001 0.3708328125 0.7633328125000001 0.34249999999999997 0.7316671875 0.3141671875 0.6791671874999999 0.25 0.6558328125 0.23500000000000001 0.665 0.2591671875 0.6599999999999999 0.27583281249999997 0.7033328125 0.3541671875 0.7 0.35750000000000004 0.73 0.3808328125 0.7416671874999999 0.40916718750000003 0.74 0.43416718750000005 0.7224999999999999 0.45499999999999996 0.6841671875 0.445 0.6725 0.4466671875
0 0.9041671875 0.2466671875 0.9441671875000001 0.27166718749999996 0.9591671875 0.2683328125 0.9425000000000001 0.2466671875 0.8991671875 0.2166671875 0.8474999999999999 0.2166671875 0.8116671875 0.23916718750000002 0.7966671875 0.26749999999999996 0.7883328125 0.3025 0.7883328125 0.4325 0.8008328125 0.45 0.8233328125 0.4125 0.8266671875 0.3891671875 0.8383328125 0.3675 0.8383328125 0.3008328125 0.8566671875 0.2641671875 0.8724999999999999 0.2483328125 0.9041671875 0.2466671875
0 0.5725 0.08499999999999999 0.5416671875 0.08249999999999999 0.5633328125 0.10083281250000001 0.5825 0.13 0.6375 0.16 0.6858328124999999 0.1633328125 0.7241671875 0.1533328125 0.8308328125 0.1066671875 0.8258328125000001 0.10166718749999999 0.7675 0.1033328125 0.6541671874999999 0.12166718750000001 0.5725 0.08499999999999999
0 0.7633328125000001 0.7108328125 0.765 0.7358328125 0.7541671875 0.7716671875000001 0.835 0.6691671875 0.9016671875 0.6091671875 0.9125 0.575 0.9016671875 0.5008328125 0.8675 0.4633328125 0.8458328125 0.45499999999999996 0.8483328125 0.47083281250000003 0.875 0.5041671875 0.875 0.5441671875 0.8508328125 0.585 0.8324999999999999 0.5916671874999999 0.8133328125 0.5891671875 0.835 0.6108328125 0.7975 0.63 0.78 0.6541671874999999 0.775 0.6641671875 0.7783328125 0.6825 0.7633328125000001 0.7108328125