0 0.5708984375 0.164996875 0.57791875 0.107884375 0.5648828124999999 0.034300000000000004 0.55454375 0.0440203125 0.5535703125 0.0891328125 0.5329734375 0.14195 0.513084375 0.1605171875 0.5006484375 0.1461484375 0.5018703125 0.1694484375 0.48391406249999996 0.16121093749999998 0.5051078125 0.18346562500000002 0.470496875 0.22366562499999998 0.43981875 0.3070515625 0.4408703125 0.31116875 0.45813125 0.29023750000000004 0.46407968750000006 0.3241390625 0.4709125 0.32711875 0.5175359375 0.2295453125 0.5708984375 0.164996875
0 0.33918125 0.249740625 0.276646875 0.2029484375 0.2511578125 0.1942703125 0.219709375 0.19925781250000002 0.1714359375 0.233496875 0.15005 0.287190625 0.151009375 0.3054984375 0.157053125 0.309353125 0.167390625 0.29963281249999996 0.186059375 0.257765625 0.22539375 0.2440203125 0.26778749999999996 0.25682031250000004 0.3029078125 0.2900265625 0.33540312499999997 0.3050140625 0.3587046875 0.3037921875 0.38594531249999997 0.3140484375 0.42834374999999997 0.31099062499999997 0.409603125 0.2877734375 0.33918125 0.249740625
0 0.2494890625 0.608259375 0.26569375 0.6149203125 0.2535265625 0.573834375 0.27481093749999996 0.5818984375 0.2865484375 0.5829515625 0.287075 0.5770828125 0.25029218750000004 0.5439625 0.24293593750000003 0.530996875 0.24574218750000001 0.5208359375 0.236809375 0.5096203125 0.165865625 0.4616015625 0.1418734375 0.41779687499999996 0.14635 0.3758390625 0.1649234375 0.3640171875 0.1858671875 0.33371249999999997 0.17456875 0.325125 0.1161296875 0.37241562500000003 0.097284375 0.42680937500000005 0.099115625 0.46176093749999997 0.11540312500000001 0.48594218749999996 0.1641 0.5234453125 0.2494890625 0.608259375
0 0.40572187499999995 0.40480312500000004 0.5154109375 0.332296875 0.5387125 0.3310765625 0.5582484375 0.3217078125 0.5633328125 0.3072546875 0.49281406250000004 0.3151234375 0.4702109375 0.329659375 0.4286890625 0.3335046875 0.36411875 0.37527343750000003 0.3224234375 0.375790625 0.26513593750000003 0.365440625 0.2543609375 0.366840625 0.2604046875 0.3706953125 0.214415625 0.3689328125 0.25987343749999997 0.3924203125 0.2776515625 0.413184375 0.3061203125 0.4150296875 0.33344843750000003 0.42695 0.3608671875 0.42467812499999996 0.40572187499999995 0.40480312500000004
0 0.40588281249999997 0.47155312499999996 0.3815265625 0.4845125 0.375040625 0.5040453125 0.351209375 0.526990625 0.3596171875 0.52821875 0.399828125 0.5152640625 0.46973906249999997 0.4798890625 0.5174828125000001 0.46737343750000004 0.5417515625 0.45275 0.556471875 0.43111718750000005 0.569096875 0.38539375 0.5684859375 0.3737421875 0.54685625 0.34316562500000003 0.5287265624999999 0.3315984375 0.517075 0.33220937500000003 0.5084015625 0.34184375 0.538353125 0.371984375 0.5391375 0.38696406250000004 0.5291484375 0.4033421875 0.49699375 0.4267234375 0.4704515625 0.42978281249999994 0.4551234375 0.4239109375 0.4593234375 0.4403796875 0.43286875 0.44510468750000004 0.40588281249999997 0.47155312499999996
0 0.45604374999999997 0.6166265625 0.49099843749999994 0.598940625 0.5257875000000001 0.5462140625 0.518875 0.509859375 0.5020609375 0.49154687499999994 0.4850671875 0.4857625 0.46334375000000005 0.48523125 0.4290890625 0.500378125 0.285578125 0.6122093750000001 0.344271875 0.6016234375 0.3484734375 0.6180921875000001 0.3852703125 0.5877921875000001 0.41163906250000004 0.581403125 0.43582031250000003 0.5651140625 0.439846875 0.5782546875000001 0.4569328125 0.5539953125 0.48663125 0.54743125 0.48566093749999995 0.5766890625000001 0.45578593749999996 0.595778125 0.44097656250000006 0.6157484375 0.45604374999999997 0.6166265625
0 0.567840625 0.52064375 0.6153359375 0.43971406249999995 0.632859375 0.423775 0.6504765625 0.377790625 0.643303125 0.3364421875 0.6073109375 0.286590625 0.5388203125000001 0.23760937499999998 0.5314625000000001 0.24049843750000002 0.5373265625 0.2568796875 0.5689437500000001 0.2869328125 0.58540625 0.31444218749999997 0.593278125 0.36910625 0.5745265625 0.393453125 0.5832843750000001 0.40133906250000007 0.5630421875 0.429103125 0.54086875 0.48367187500000003 0.5434046875 0.500228125 0.5350765625 0.532375 0.548565625 0.53500625 0.567840625 0.52064375
0 0.5203375 0.633284375 0.5531078125 0.58984375 0.5538125 0.5714484375 0.5688875 0.5406171875 0.5670515625 0.5215203125000001 0.5355125000000001 0.540696875 0.4765390625 0.6255671875 0.46488125 0.6578875 0.473196875 0.6891625 0.509365625 0.7264875 0.5710328125 0.7407796875 0.5628015625 0.727025 0.5260140625 0.709759375 0.509725 0.6855781249999999 0.5085921875 0.6639421875 0.5203375 0.633284375
0 0.5732625 0.560415625 0.551959375 0.631628125 0.5536171875 0.6632515625 0.5735765625 0.725625 0.5773343750000001 0.7654828124999999 0.56585 0.8011328125 0.539475 0.8392328125 0.53701875 0.85605 0.5438500000000001 0.8590296875 0.599225 0.8010531249999999 0.6243796875000001 0.7396515625 0.61921875 0.704875 0.60056875 0.667465625 0.5907890625000001 0.5286203125 0.5732625 0.560415625
0 0.7514968750000001 0.681253125 0.736521875 0.6661828125 0.6957046874999999 0.6516328125 0.666365625 0.6172875 0.6729406250000001 0.59941875 0.6944859375 0.612475 0.6634 0.5606984374999999 0.6514015625 0.5546515624999999 0.6806687499999999 0.50805625 0.6782265625 0.46145312499999996 0.6868171875 0.4343 0.6845421875000001 0.4227359375 0.6690390625 0.41353437499999995 0.6601984375 0.3881296875 0.6370609375 0.4402453125 0.6001546875 0.5640125 0.603825 0.6022062499999999 0.6202 0.6280515624999999 0.664690625 0.6649406250000001 0.72565625 0.681771875 0.7514968750000001 0.681253125
0 0.6684390625 0.35431875 0.6558265624999999 0.35247656250000003 0.6707984375 0.3834015625 0.72631875 0.45559374999999996 0.7682703125 0.49178125 0.8209031250000001 0.556615625 0.935734375 0.5981625 0.9001796875 0.556634375 0.910165625 0.5561109375 0.903071875 0.5481374999999999 0.8762703125 0.5303484375 0.7795828124999999 0.4369484375 0.7365781250000001 0.41249843750000004 0.6684390625 0.35431875
0 0.7061390624999999 0.21381875 0.7347921875 0.171428125 0.761865625 0.14664375000000002 0.7639703124999999 0.13902343749999999 0.7448734375 0.140859375 0.7617015625 0.09575 0.6775015625 0.176934375 0.633959375 0.20591875 0.6115265625 0.2396390625 0.6095937499999999 0.26644375 0.6216734374999999 0.305865625 0.64689375 0.34126093750000003 0.6605578125 0.3472203125 0.6477796875 0.294484375 0.651203125 0.2642640625 0.6737234375 0.2322078125 0.7061390624999999 0.21381875
0 0.4202640625 0.7937421875 0.45846093750000005 0.7742171875 0.48912812499999997 0.7383953125 0.48230312499999994 0.7037046874999999 0.4633015625 0.67549375 0.45576718749999995 0.6750546875000001 0.4547140625 0.6867921875 0.46670625 0.72455 0.44681718750000005 0.7431171875 0.4219390625 0.7460890625000001 0.393034375 0.7359218750000001 0.3681625 0.707184375 0.3650078125 0.7106874999999999 0.2845140625 0.6715125 0.2681328125 0.6773781249999999 0.24351875 0.6694890625000001 0.25971875 0.6920046875 0.3265453125 0.741075 0.356496875 0.771215625 0.3858390625 0.7897046875 0.4202640625 0.7937421875
0 0.2681734375 0.8851609375 0.28315625 0.8685203125 0.3188140625 0.8482937500000001 0.3853890625 0.8448046874999999 0.406415625 0.8320203125000001 0.42954218749999995 0.8274703125 0.4658125 0.8030375 0.44768281249999997 0.7914703125 0.3178609375 0.7982750000000001 0.2833453125 0.808428125 0.2558359375 0.8248906249999999 0.2352421875 0.8618515625000001 0.2379453125 0.9134484374999999 0.270171875 0.9551515625 0.29268125 0.9706625000000001 0.29522499999999996 0.9555078124999999 0.268165625 0.916871875 0.2681734375 0.8851609375
0 0.1178765625 0.7878937500000001 0.119265625 0.8462343750000001 0.1245203125 0.8509656250000001 0.165540625 0.742003125 0.1735203125 0.7031984375 0.1676625 0.65510625 0.134825 0.6017515625 0.1046953125 0.5841375 0.085253125 0.563459375 0.0893625 0.5941203125000001 0.130253125 0.6737562500000001 0.1178765625 0.7878937500000001
0 0.5964859375 0.908009375 0.6300390625000001 0.895403125 0.6864671875 0.8256875000000001 0.784596875 0.7396 0.7493796875000001 0.75229375 0.7243265625 0.7519375 0.6968171875 0.7684 0.678334375 0.7660312499999999 0.6686093750000001 0.7715484375 0.6453921874999999 0.7902890625000001 0.6282140625 0.828740625 0.60544375 0.8082375 0.6089421875000001 0.8272468749999999 0.6032453125 0.8459046875 0.5637328125 0.872175 0.5237875 0.87426875 0.489103125 0.8493828125 0.4731609375 0.8477140625 0.4826171875 0.868915625 0.521853125 0.9010718750000001 0.5964859375 0.908009375