0 0.4908328125 0.12166718750000001 0.48333281250000004 0.11083281250000002 0.48833281250000005 0.1341671875 0.4633328125 0.1558328125 0.4566671875 0.1741671875 0.4583328125 0.2291671875 0.47166718750000003 0.2508328125 0.49000000000000005 0.16916718749999998 0.5349999999999999 0.1375 0.5583328125 0.10083281250000001 0.5708328125000001 0.05666718750000001 0.5141671875 0.11499999999999999 0.4908328125 0.12166718750000001
0 0.215 0.35750000000000004 0.22000000000000003 0.34249999999999997 0.2325 0.3333328125 0.2558328125 0.3283328125 0.2791671875 0.33833281249999997 0.3125 0.33833281249999997 0.3816671875 0.3191671875 0.3541671875 0.305 0.29916718750000004 0.3016671875 0.2641671875 0.2916671875 0.21749999999999997 0.29500000000000004 0.1983328125 0.3208328125 0.1916671875 0.3608328125 0.21000000000000002 0.3958328125 0.22166718749999997 0.40416718749999997 0.2266671875 0.4008328125 0.215 0.35750000000000004
0 0.62 0.3508328125 0.64 0.34249999999999997 0.6383328125000001 0.33416718749999996 0.6533328125 0.3191671875 0.6783328125 0.26749999999999996 0.6791671874999999 0.2583328125 0.6666671875 0.2641671875 0.6675 0.22999999999999998 0.6216671875 0.3041671875 0.5916671874999999 0.3325 0.5816671875 0.3525 0.585 0.40583281250000003 0.615 0.4425 0.6033328124999999 0.40916718750000003 0.605 0.3825 0.62 0.3508328125
0 0.2566671875 0.6158328125 0.27749999999999997 0.625 0.28166718749999997 0.6208328125 0.2583328125 0.5925 0.2566671875 0.5708328125000001 0.215 0.5308328125 0.1983328125 0.4991671875 0.1966671875 0.48250000000000004 0.205 0.4591671875 0.2383328125 0.4325 0.2358328125 0.425 0.2291671875 0.425 0.18 0.4558328125 0.16499999999999998 0.48416718750000004 0.16 0.5141671875 0.1716671875 0.5391671875 0.265 0.6525000000000001 0.2566671875 0.6158328125
0 0.1116671875 0.6675 0.12250000000000001 0.6583328125000001 0.1383328125 0.6675 0.1166671875 0.6508328125 0.1283328125 0.6141671875 0.1283328125 0.5925 0.11083281250000002 0.525 0.10166718749999999 0.5441671875 0.0983328125 0.6125 0.08499999999999999 0.6541671874999999 0.08333281249999999 0.6841671875 0.08499999999999999 0.7058328125 0.1083328125 0.7408328125 0.1133328125 0.7341671875 0.1033328125 0.6941671875 0.1116671875 0.6675
0 0.5075000000000001 0.4316671875 0.4591671875 0.4316671875 0.4175 0.44000000000000006 0.3658328125 0.47166718750000003 0.2958328125 0.4633328125 0.26 0.46583281249999997 0.2975 0.4866671875 0.3041671875 0.49666718750000005 0.32583281249999996 0.4983328125 0.34416718749999997 0.5083328125000001 0.3633328125 0.5075000000000001 0.45416718749999996 0.4583328125 0.5108328125 0.445 0.515 0.4375 0.5075000000000001 0.4316671875
0 0.5433328125 0.4441671875 0.5025000000000001 0.40499999999999997 0.49666718750000005 0.4108328125 0.515 0.4325 0.5283328125 0.4925 0.5116671875 0.5208328125 0.5133328125000001 0.5291671874999999 0.47166718750000003 0.5858328125 0.47000000000000003 0.6174999999999999 0.4908328125 0.6083328125 0.5483328125 0.5491671874999999 0.5666671875 0.5141671875 0.5666671875 0.4925 0.5433328125 0.4441671875
0 0.8058328124999999 0.5983328125 0.8558328124999999 0.64 0.93 0.6608328125 0.9083328125 0.6358328125 0.9158328125 0.6316671875 0.8108328124999999 0.5616671875 0.7508328125 0.55 0.6900000000000001 0.5541671874999999 0.6958328125000001 0.5616671875 0.7291671875 0.5650000000000001 0.8058328124999999 0.5983328125
0 0.6458328125 0.7166671874999999 0.6533328125 0.7341671875 0.6566671875 0.6741671874999999 0.6983328125 0.6208328125 0.6866671875 0.6241671875 0.6916671875 0.5808328125 0.6775 0.5466671875 0.6633328125 0.5591671875 0.6383328125000001 0.6441671875 0.615 0.6658328124999999 0.6033328124999999 0.6941671875 0.6133328125 0.7591671875 0.6483328125 0.8008328125 0.635 0.7575000000000001 0.635 0.7208328125000001 0.6458328125 0.7166671874999999
0 0.40499999999999997 0.7608328125 0.40499999999999997 0.7341671875 0.3941671875 0.71 0.38833281249999996 0.7158328125 0.39 0.7491671875 0.3758328125 0.7583328125000001 0.35750000000000004 0.7583328125000001 0.34249999999999997 0.7516671875000001 0.3191671875 0.7216671875 0.29083281250000004 0.7083328125 0.2708328125 0.6900000000000001 0.2416671875 0.6875 0.3108328125 0.7733328125 0.33583281249999997 0.79 0.35333281250000004 0.7925 0.3758328125 0.7849999999999999 0.40499999999999997 0.7608328125
0 0.2708328125 0.8183328124999999 0.3525 0.8183328124999999 0.385 0.8058328124999999 0.3675 0.7966671875 0.28250000000000003 0.7833328125000001 0.2308328125 0.7933328125 0.21000000000000002 0.8191671875000001 0.2066671875 0.8541671875000001 0.2383328125 0.9008328125 0.2416671875 0.8875 0.2283328125 0.8541671875000001 0.22999999999999998 0.8408328125000001 0.2441671875 0.8283328125 0.2708328125 0.8183328124999999
0 0.495 0.7175 0.5116671875 0.6491671875 0.505 0.6458328125 0.5091671875 0.6216671875 0.46666718749999997 0.6858328124999999 0.45999999999999996 0.7258328125 0.46666718749999997 0.7575000000000001 0.465 0.7925 0.4283328125 0.8408328125000001 0.4266671875 0.8525 0.43333281250000005 0.8525 0.4783328125 0.8175000000000001 0.5016671875000001 0.7808328125 0.5033328125 0.7541671875 0.495 0.7175
0 0.5475 0.805 0.5425 0.7916671875 0.5358328125 0.8033328125000001 0.5066671875 0.8208328125 0.4941671875 0.8433328124999999 0.4791671875 0.825 0.4783328125 0.8458328125 0.4441671875 0.865 0.4175 0.8633328125 0.3908328125 0.8383328125 0.38 0.8375 0.3833328125 0.8508328125 0.40916718750000003 0.8816671875000001 0.44583281250000006 0.8933328125 0.4783328125 0.8941671875000001 0.6116671874999999 0.7991671874999999 0.5475 0.805
0 0.4808328125 0.45999999999999996 0.465 0.46916718749999997 0.48333281250000004 0.49583281250000005 0.47083281250000003 0.5216671875000001 0.4375 0.5366671875 0.42083281250000004 0.5266671875 0.4191671875 0.5433328125 0.3941671875 0.545 0.3591671875 0.5650000000000001 0.33833281249999997 0.5925 0.35333281250000004 0.5925 0.4791671875 0.5566671875 0.5033328125 0.5091671875 0.49166718749999994 0.46916718749999997 0.4808328125 0.45999999999999996
0 0.4233328125 0.6408328125 0.3866671875 0.6625 0.3891671875 0.6683328125 0.39833281249999997 0.6675 0.4241671875 0.6599999999999999 0.4566671875 0.6208328125 0.45499999999999996 0.5974999999999999 0.43416718750000005 0.5766671875 0.4175 0.5733328125 0.3891671875 0.5816671875 0.2783328125 0.6441671875 0.3158328125 0.645 0.3208328125 0.6583328125000001 0.3291671875 0.6516671875 0.33416718749999996 0.655 0.34750000000000003 0.64 0.3808328125 0.635 0.3858328125 0.6283328125 0.3891671875 0.6383328125000001 0.40750000000000003 0.6216671875 0.42583281250000005 0.6216671875 0.4233328125 0.6408328125
0 0.47000000000000003 0.6608328125 0.48833281250000005 0.6258328125 0.4875 0.61 0.4583328125 0.6241671875 0.41 0.6775 0.39666718749999996 0.7025 0.4 0.7224999999999999 0.41500000000000004 0.7474999999999999 0.4633328125 0.7725 0.4633328125 0.7641671875 0.43499999999999994 0.7424999999999999 0.4283328125 0.7108328125 0.44000000000000006 0.6891671875000001 0.47000000000000003 0.6608328125