0 0.49444999999999995 0.1539296875 0.46699531250000004 0.135471875 0.469115625 0.11170312499999999 0.46299062500000004 0.1233703125 0.43901874999999996 0.119596875 0.375665625 0.068603125 0.3934546875 0.11091718749999999 0.4210828125 0.1444671875 0.46960625 0.1704140625 0.49775625 0.2492375 0.50835 0.2261078125 0.5033015625 0.1713140625 0.49444999999999995 0.1539296875
0 0.7775828125 0.2854046875 0.7554109375 0.2621 0.7086859375000001 0.264478125 0.675165625 0.27867031249999996 0.62098125 0.28868125 0.5954125 0.30609375 0.6664 0.3166875 0.699484375 0.31262500000000004 0.721425 0.29985625 0.7451953125 0.301975 0.75871875 0.30955 0.7655093749999999 0.3238296875 0.7592109375 0.3682609375 0.7645796875 0.3709609375 0.77514375 0.36126718750000003 0.789075 0.32429375 0.7775828125 0.2854046875
0 0.388603125 0.3449203125 0.3553734375 0.320453125 0.30084374999999997 0.252425 0.305834375 0.2862359375 0.2927171875 0.28197031250000004 0.2946609375 0.290965625 0.325771875 0.3392015625 0.3424875 0.3522609375 0.3418484375 0.3607359375 0.362715625 0.36656875 0.3814625 0.396171875 0.3863671875 0.4224375 0.37885 0.45694375000000004 0.4041578125 0.41689375 0.400965625 0.3635515625 0.388603125 0.3449203125
0 0.8305734375 0.4434578125 0.8122328124999999 0.41716406250000004 0.759675 0.392553125 0.7530578125 0.393365625 0.751490625 0.40111406250000003 0.787825 0.4235203125 0.7989390625 0.4456640625 0.7993171875 0.462409375 0.7866328125 0.4958703125 0.7501515624999999 0.5406500000000001 0.7511375 0.562359375 0.73143125 0.593325 0.736075 0.5969515624999999 0.7556359375 0.585315625 0.7518328125 0.6227234375 0.830659375 0.49886093750000005 0.8391921874999999 0.472625 0.8305734375 0.4434578125
0 0.9306953124999999 0.6024421875 0.9123828125 0.5627109375 0.900746875 0.49529218750000004 0.8893125 0.47738593749999997 0.8801687499999999 0.546515625 0.8828093750000001 0.5680203125000001 0.8988578125 0.6029921875 0.8793843750000001 0.622175 0.8939828125 0.611146875 0.9058515625 0.6189250000000001 0.9173734375 0.644378125 0.912321875 0.6852984375 0.918096875 0.69130625 0.9369921874999999 0.6537234375 0.9360046875 0.632015625 0.9306953124999999 0.6024421875
0 0.6939671875 0.472825 0.699365625 0.4620875 0.734046875 0.4368390625 0.6981765625 0.438725 0.6297140625 0.45552656249999995 0.5745734375 0.43039375 0.5322015625 0.4272 0.484228125 0.433090625 0.4774953125 0.43979375000000004 0.4825453125 0.4467296875 0.5404140625 0.4530578125 0.6365624999999999 0.49078906250000004 0.6556875 0.4892796875 0.6726656249999999 0.47712031250000003 0.6939671875 0.472825
0 0.490959375 0.5221 0.47096406249999995 0.49600937500000003 0.47688593749999997 0.43483124999999995 0.4924421875 0.4110921875 0.485940625 0.4060125 0.4501859375 0.4498640625 0.43291562499999997 0.50068125 0.43555625 0.5221859375 0.45801875000000003 0.554690625 0.5223015625 0.6064093749999999 0.5440953125 0.6129687500000001 0.5385828125 0.581740625 0.4903203125 0.5305734375 0.490959375 0.5221
0 0.2804625 0.5924437499999999 0.3131421875 0.5850734375 0.3180171875 0.57691875 0.2571296875 0.5801968750000001 0.19899843749999999 0.5990875 0.1033125 0.6813625 0.11126406250000001 0.684584375 0.09280625 0.7120390624999999 0.16388125 0.682321875 0.20842968750000002 0.634871875 0.2804625 0.5924437499999999
0 0.4060671875 0.6786125000000001 0.3802671875 0.65995 0.3450953125 0.57863125 0.3295109375 0.56795 0.31961249999999997 0.6035890625 0.32985625 0.645990625 0.31787031250000003 0.644103125 0.3657265625 0.6919609375 0.37634687499999997 0.7511078125 0.381659375 0.732825 0.39291875 0.7356390625 0.3973875 0.7720328125 0.389434375 0.81666875 0.4190953125 0.771046875 0.42110000000000003 0.7053125 0.4060671875 0.6786125000000001
0 0.7792578125 0.65461875 0.7506140625 0.6606546875 0.732996875 0.6812890625 0.7065 0.6979765625 0.686996875 0.730596875 0.6729203125 0.739040625 0.6547234375000001 0.741275 0.6395453125 0.733903125 0.6371374999999999 0.700615625 0.6306375 0.6955375 0.6228296875 0.72084375 0.6260796875 0.7473109375 0.6579734375 0.76774375 0.6812203125 0.7724453125 0.698284375 0.76783125 0.7210671875 0.7482421875 0.7792578125 0.65461875
0 0.8029093749999999 0.75834375 0.7504078125 0.7547140625 0.6676671875 0.7783078125 0.6514140625 0.7895390625 0.6851953125 0.797984375 0.766253125 0.7880328125 0.7939406250000001 0.7947078125 0.809525 0.8053874999999999 0.812803125 0.81841875 0.8036328125000001 0.8531281249999999 0.808565625 0.86595625 0.8343093749999999 0.8157781249999999 0.826734375 0.7814453125 0.8029093749999999 0.75834375
0 0.5703859375 0.7860546875 0.564465625 0.75151875 0.5672234375 0.719275 0.5557328125 0.6803859375 0.5057296874999999 0.6218765625 0.512809375 0.6453562500000001 0.5065984375 0.6494765625000001 0.5314687499999999 0.71526875 0.5276671875 0.752678125 0.5325703125000001 0.77894375 0.5601984375 0.8124921875 0.609128125 0.8417484375000001 0.6157453125 0.8409359375 0.6126703124999999 0.829559375 0.5703859375 0.7860546875
0 0.658553125 0.834 0.6602359375 0.820359375 0.6495859375 0.8225078124999999 0.6261640625 0.8505703125 0.5999 0.855475 0.5636515625 0.8406156250000001 0.5602859375 0.8200390625 0.54763125 0.8400624999999999 0.5324828125 0.8192546875 0.5014015625 0.8054390625 0.49336250000000004 0.7946718749999999 0.4900234375 0.8085156250000001 0.425625 0.8105453125000001 0.5695421875 0.8885875000000001 0.6016984375 0.8837999999999999 0.6366703125 0.8677515625 0.658553125 0.834
0 0.610528125 0.5317671875000001 0.5855125 0.533159375 0.5818265625000001 0.5168203124999999 0.566503125 0.5287765624999999 0.5315890624999999 0.51795 0.516034375 0.4938328125 0.53098125 0.46513125000000005 0.5141484375 0.4579625 0.5045140625 0.46838125 0.497809375 0.5095046875 0.527584375 0.5537046875 0.656846875 0.5739359375 0.671734375 0.5721078125 0.6477046875 0.5473515625 0.610528125 0.5317671875000001
0 0.5932578125 0.6304406250000001 0.5884406249999999 0.611721875 0.6066374999999999 0.6094875 0.626865625 0.6237953125 0.62895625 0.6134640625000001 0.63473125 0.6194703125000001 0.6684249999999999 0.620371875 0.6834875 0.633634375 0.6880437500000001 0.6297171875 0.6971265625 0.6353187499999999 0.700465625 0.621475 0.737584375 0.616078125 0.619959375 0.56755 0.5908218749999999 0.5627328125 0.5746859375 0.568071875 0.556546875 0.5912890625 0.5577359375000001 0.6146515625 0.5947671875 0.6495656249999999 0.621321875 0.6538609375 0.630521875 0.653571875 0.6322921874999999 0.6474765625 0.5932578125 0.6304406250000001
0 0.6272421875 0.688396875 0.6109609375 0.665209375 0.5564875 0.6181625000000001 0.5258125 0.60765625 0.526915625 0.6234734375000001 0.5493765625 0.6559781250000001 0.58260625 0.68044375 0.5968265625 0.7005281250000001 0.59406875 0.7327703125 0.5685875 0.7577296875 0.569603125 0.766 0.6145296874999999 0.735296875 0.6263703125 0.7086546874999999 0.6272421875 0.688396875