0 0.68883125 0.5591296875 0.6929484375 0.5601812500000001 0.776334375 0.529503125 0.816534375 0.49489218749999997 0.8387890625000001 0.5160859375 0.8305515625 0.4981296875 0.8538515625 0.49935156249999996 0.8394828125 0.48691562499999996 0.8580500000000001 0.46702656249999996 0.9108671875000001 0.44642968749999995 0.9559796875 0.44545625 0.9657 0.43511718750000006 0.892115625 0.42208125 0.8350031250000001 0.4291015625 0.7704546875 0.48246406249999996 0.67288125 0.5290874999999999 0.6758609375 0.5359203124999999 0.7097625 0.54186875 0.68883125 0.5591296875
0 0.6949859375 0.664596875 0.7099734375 0.6970921875 0.7431796875 0.7322124999999999 0.7559796875 0.7746062499999999 0.742234375 0.8139406250000001 0.7003671875 0.832609375 0.690646875 0.842946875 0.6945015625 0.8489906250000001 0.712809375 0.84995 0.7665031250000001 0.8285640624999999 0.8007421875 0.780290625 0.8057296875000001 0.7488421875 0.7970515625 0.723353125 0.750259375 0.66081875 0.7122265624999999 0.5903968749999999 0.689009375 0.57165625 0.6859515625 0.6140546875 0.6962078125 0.6412953124999999 0.6949859375 0.664596875
0 0.3850796875 0.73430625 0.391740625 0.7505109375 0.4765546875 0.8359 0.5140578125 0.8845968750000001 0.5382390625 0.9008843750000001 0.573190625 0.9027156250000001 0.627584375 0.8838703125 0.674875 0.82543125 0.6662874999999999 0.8141328124999999 0.6359828125 0.8350765625 0.6241609375 0.85365 0.582203125 0.8581265625000001 0.5383984374999999 0.834134375 0.49037968750000005 0.763190625 0.47916406250000004 0.7542578125 0.46900312499999997 0.7570640625 0.4560375 0.7497078125 0.42291718749999996 0.712925 0.4170484375 0.7134515625 0.41810156249999997 0.7251890624999999 0.426165625 0.7464734375 0.3850796875 0.73430625
0 0.5849703125 0.6938796875000001 0.5868156250000001 0.7223484375 0.6075796875 0.7401265625 0.6310671875 0.785584375 0.6293046875 0.7395953125 0.633159375 0.7456390625 0.634559375 0.7348640625 0.6242093750000001 0.6775765625 0.6247265625 0.63588125 0.6664953125 0.5713109375000001 0.6703406249999999 0.5297890625 0.6848765625000001 0.5071859375 0.6927453125 0.4366671875 0.6782921875000001 0.44175156250000003 0.6689234374999999 0.46128749999999996 0.667703125 0.4845890625 0.595196875 0.594278125 0.575321875 0.6391328125 0.5730500000000001 0.6665515625 0.5849703125 0.6938796875000001
0 0.5326265625 0.48251718749999994 0.5201109374999999 0.5302609375 0.4847359375 0.600171875 0.47178125 0.6403828125000001 0.473009375 0.648790625 0.4959546875 0.624959375 0.5154875 0.6184734375 0.528446875 0.5941171875 0.5548953125 0.56713125 0.5596203125 0.5406765625000001 0.5760890625 0.5448765625 0.5702171875000001 0.5295484375 0.5732765625 0.50300625 0.5966578124999999 0.47085156250000004 0.6130359375000001 0.4608625 0.628015625 0.461646875 0.65815625 0.4915984375 0.6677906250000001 0.482925 0.6684015624999999 0.4712734375 0.6568343750000001 0.45314375 0.6262578125 0.43151406249999996 0.61460625 0.43090312500000005 0.5688828125 0.443528125 0.54725 0.4582484375 0.5326265625 0.48251718749999994
0 0.3842515625 0.5590234374999999 0.404221875 0.5442140625 0.4233109375 0.5143390625 0.45256875 0.5133687499999999 0.4460046875 0.5430671874999999 0.42174531249999997 0.560153125 0.4348859375 0.5641796875 0.418596875 0.5883609375 0.4122078125 0.6147296875 0.3819078125 0.6515265625 0.39837656250000003 0.655728125 0.387790625 0.714421875 0.499621875 0.5709109375 0.51476875 0.53665625 0.5142375 0.5149328125 0.5084531250000001 0.4979390625 0.490140625 0.481125 0.4537859375 0.4742125 0.401059375 0.5090015625000001 0.3833734375 0.54395625 0.3842515625 0.5590234374999999
0 0.499771875 0.4565953125 0.516328125 0.45913125 0.5708968750000001 0.43695781250000004 0.5986609374999999 0.416715625 0.606546875 0.4254734375 0.63089375 0.406721875 0.6855578125 0.41459375 0.7130671875 0.43105625 0.7431203125 0.4626734375 0.7595015625 0.46853749999999994 0.762390625 0.46117968749999994 0.713409375 0.3926890625 0.6635578125 0.356696875 0.622209375 0.3495234375 0.576225 0.367140625 0.5602859375 0.3846640625 0.47935625000000004 0.432159375 0.46499375 0.451434375 0.46762499999999996 0.4649234375 0.499771875 0.4565953125
0 0.4784796875 0.4329484375 0.4593828125 0.43111249999999995 0.42855156250000004 0.4461875 0.41015625 0.44689218750000004 0.366715625 0.4796625 0.3360578125 0.4914078125 0.31442187499999996 0.490275 0.290240625 0.4739859375 0.272975 0.43719843750000004 0.2592203125 0.42896718749999996 0.2735125 0.49063437499999996 0.3108375 0.526803125 0.3421125 0.53511875 0.3744328125 0.5234609375 0.45930312500000003 0.4644875 0.4784796875 0.4329484375
0 0.368371875 0.44804062499999997 0.439584375 0.42673750000000005 0.4713796875 0.4092109375 0.332534375 0.39943125 0.29512499999999997 0.38078124999999996 0.2603484375 0.3756203125 0.198946875 0.400775 0.1409703125 0.45614999999999994 0.14395 0.46298125 0.16076718750000002 0.46052499999999996 0.19886718750000001 0.43415 0.2345171875 0.42266562499999993 0.274375 0.4264234375 0.3367484375 0.4463828125 0.368371875 0.44804062499999997
0 0.318228125 0.27434375 0.335059375 0.335309375 0.3719484375 0.3798 0.39779375 0.396175 0.4359875 0.3998453125 0.5597546875 0.3629390625 0.6118703125 0.33980156250000004 0.586465625 0.3309609375 0.5772640625000001 0.3154578125 0.5657 0.3131828125 0.538546875 0.3217734375 0.49194375 0.31933125 0.4453484375 0.3485984375 0.4393015625 0.3366 0.387525 0.3055140625 0.40058125 0.32705937500000004 0.3827125 0.33363437500000004 0.3483671875 0.30429531249999997 0.3338171875 0.263478125 0.318746875 0.248503125 0.318228125 0.27434375
0 0.5630515625 0.2204171875 0.4696515625 0.12372968749999999 0.4518625 0.096928125 0.4438890625 0.089834375 0.44336562500000004 0.0998203125 0.40183749999999996 0.064265625 0.44338437500000005 0.179096875 0.5082187499999999 0.23172968749999998 0.54440625 0.27368125 0.6165984375 0.3292015625 0.6475234375000001 0.34417343749999996 0.64568125 0.33156093750000004 0.5875015625 0.263421875 0.5630515625 0.2204171875
0 0.79408125 0.366040625 0.8230656249999999 0.3224984375 0.90425 0.2382984375 0.859140625 0.2551265625 0.8609765625 0.2360296875 0.85335625 0.238134375 0.828571875 0.26520781250000003 0.78618125 0.2938609375 0.7677921875 0.32627656250000003 0.7357359375 0.348796875 0.705515625 0.35222031249999997 0.6527796875 0.3394421875 0.6587390625 0.35310625 0.694134375 0.37832656249999996 0.73355625 0.39040625 0.7603609375 0.38847343749999996 0.79408125 0.366040625
0 0.2102953125 0.6141609375 0.22878437499999998 0.643503125 0.25892499999999996 0.6734546875 0.3079953125 0.74028125 0.3305109375 0.75648125 0.322621875 0.7318671875 0.3284875 0.7154859375 0.2893125 0.6349921875 0.29281562499999997 0.6318374999999999 0.264078125 0.6069656250000001 0.2539109375 0.5780609375 0.2568828125 0.5531828125 0.27545000000000003 0.53329375 0.3132078125 0.5452859375 0.3249453125 0.5442328125 0.32450625 0.5366984375 0.29629531249999996 0.5176968750000001 0.2616046875 0.5108718750000001 0.2257828125 0.5415390625 0.2062578125 0.5797359375 0.2102953125 0.6141609375
0 0.17510937499999998 0.7441640625 0.191571875 0.7166546874999999 0.20172500000000002 0.6821390625 0.2085296875 0.5523171875 0.19696249999999998 0.5341875 0.1725296875 0.5704578125 0.1679796875 0.593584375 0.15519531250000002 0.6146109375 0.15170625 0.6811859375 0.1314796875 0.71684375 0.1148390625 0.7318265625 0.083128125 0.731834375 0.0444921875 0.7047749999999999 0.0293375 0.70731875 0.0448484375 0.7298281249999999 0.0865515625 0.7620546874999999 0.1381484375 0.7647578125 0.17510937499999998 0.7441640625
0 0.257996875 0.834459375 0.149034375 0.8754796875 0.153765625 0.880734375 0.21210625 0.8821234375 0.32624375 0.869746875 0.4058796875 0.9106375 0.436540625 0.914746875 0.41586249999999997 0.8953046875 0.3982484375 0.865175 0.34489375 0.8323375000000001 0.2968015625 0.8264796875 0.257996875 0.834459375
0 0.098928125 0.478146875 0.131084375 0.5173828125 0.1522859375 0.5268390625 0.1506171875 0.510896875 0.12573125000000002 0.47621250000000004 0.12782500000000002 0.43626718750000004 0.1540953125 0.3967546875 0.172753125 0.3910578125 0.1917625 0.39455625 0.171259375 0.3717859375 0.2097109375 0.3546078125 0.2284515625 0.331390625 0.23396875 0.321665625 0.23159999999999997 0.3031828125 0.2480625 0.2756734375 0.24770625000000002 0.2506203125 0.2604 0.215403125 0.1743125 0.3135328125 0.10459687499999999 0.36996093750000003 0.091990625 0.40351406250000005 0.098928125 0.478146875